FEATURE_ID	FEATURE_NAME	MEAN_POS	MEDIAN_ALL	MEDIAN_0	MEDIAN_1	FOLD_CHANGE	LOG2_FOLD_CHANGE
67	testKevin68	2.0	0.40000000000000002	0.25	0.69999999999999996	2.7999999999999998	1.4854268271702415
155	testKevin156	2.2400000000000002	0.40000000000000002	0.25	0.69999999999999996	2.7999999999999998	1.4854268271702415
555	testKevin556	3.4199999999999999	0.0	0.0	0.10000000000000001	inf	inf
460	testKevin461	4.5199999999999996	0.20000000000000001	0.10000000000000001	0.5	5.0	2.3219280948873622
259	testKevin260	5.5199999999999996	0.20000000000000001	0.10000000000000001	0.5	5.0	2.3219280948873622
7	testKevin8	6.1399999999999997	0.29999999999999999	0.10000000000000001	0.59999999999999998	5.9999999999999991	2.5849625007211561
49	testKevin50	6.54	0.29999999999999999	0.10000000000000001	0.59999999999999998	5.9999999999999991	2.5849625007211561
125	testKevin126	7.1200000000000001	0.29999999999999999	0.10000000000000001	0.59999999999999998	5.9999999999999991	2.5849625007211561
10	testKevin11	7.5999999999999996	0.40000000000000002	0.29999999999999999	0.69999999999999996	2.3333333333333335	1.2223924213364481
320	testKevin321	10.6	0.20000000000000001	0.10000000000000001	0.29999999999999999	2.9999999999999996	1.5849625007211561
574	testKevin575	12.220000000000001	0.10000000000000001	0.0	0.20000000000000001	inf	inf
317	testKevin318	12.24	0.10000000000000001	0.0	0.20000000000000001	inf	inf
576	testKevin577	12.32	0.0	0.0	0.10000000000000001	inf	inf
321	testKevin322	13.56	0.0	0.0	0.10000000000000001	inf	inf
18	testKevin19	14.02	0.0	0.0	0.29999999999999999	inf	inf
263	testKevin264	16.82	0.0	0.0	0.10000000000000001	inf	inf
87	testKevin88	17.239999999999998	0.0	0.0	0.29999999999999999	inf	inf
471	testKevin472	17.260000000000002	0.0	0.0	0.10000000000000001	inf	inf
200	testKevin201	19.48	0.0	0.0	0.20000000000000001	inf	inf
383	testKevin384	20.039999999999999	0.0	0.0	0.20000000000000001	inf	inf
691	testKevin692	20.300000000000001	0.0	0.0	0.20000000000000001	inf	inf
411	testKevin412	22.879999999999999	0.0	0.0	0.10000000000000001	inf	inf
27	testKevin28	22.940000000000001	0.0	0.0	0.10000000000000001	inf	inf
222	testKevin223	23.84	0.0	0.0	0.10000000000000001	inf	inf
99	testKevin100	24.739999999999998	0.0	0.0	0.10000000000000001	inf	inf
0	testKevin1	25.899999999999999	0.0	0.0	0.10000000000000001	inf	inf
582	testKevin583	26.5	0.0	0.0	0.10000000000000001	inf	inf
544	testKevin545	28.379999999999999	0.0	0.0	0.0	nan	nan
311	testKevin312	28.82	0.0	0.0	0.0	nan	nan
577	testKevin578	29.800000000000001	0.0	0.0	0.0	nan	nan
66	testKevin67	31.0	0.0	0.0	0.0	nan	nan
556	testKevin557	33.200000000000003	0.0	0.0	0.0	nan	nan
151	testKevin152	34.200000000000003	0.0	0.0	0.0	nan	nan
475	testKevin476	35.0	0.0	0.0	0.0	nan	nan
564	testKevin565	36.119999999999997	0.0	0.0	0.0	nan	nan
265	testKevin266	36.259999999999998	0.0	0.0	0.0	nan	nan
563	testKevin564	36.579999999999998	0.0	0.0	0.0	nan	nan
182	testKevin183	36.960000000000001	0.0	0.0	0.0	nan	nan
84	testKevin85	37.68	0.0	0.0	0.0	nan	nan
262	testKevin263	42.68	0.0	0.0	0.0	nan	nan
359	testKevin360	49.200000000000003	0.0	0.0	0.0	nan	nan
589	testKevin590	51.359999999999999	0.0	0.0	0.0	nan	nan
261	testKevin262	51.82	0.0	0.0	0.0	nan	nan
652	testKevin653	53.100000000000001	0.0	0.0	0.0	nan	nan
469	testKevin470	56.420000000000002	0.0	0.0	0.0	nan	nan
299	testKevin300	57.479999999999997	0.0	0.0	0.0	nan	nan
327	testKevin328	57.740000000000002	0.0	0.0	0.0	nan	nan
69	testKevin70	58.32	0.0	0.0	0.0	nan	nan
244	testKevin245	58.960000000000001	0.0	0.0	0.0	nan	nan
242	testKevin243	59.020000000000003	0.0	0.0	0.0	nan	nan
241	testKevin242	59.359999999999999	0.0	0.0	0.0	nan	nan
196	testKevin197	59.939999999999998	0.0	0.0	0.0	nan	nan
240	testKevin241	60.560000000000002	0.0	0.0	0.0	nan	nan
243	testKevin244	60.719999999999999	0.0	0.0	0.0	nan	nan
239	testKevin240	61.200000000000003	0.0	0.0	0.0	nan	nan
304	testKevin305	62.740000000000002	0.0	0.0	0.0	nan	nan
238	testKevin239	63.5	0.0	0.0	0.0	nan	nan
11	testKevin12	63.780000000000001	0.0	0.0	0.0	nan	nan
245	testKevin246	65.519999999999996	0.0	0.0	0.0	nan	nan
246	testKevin247	66.959999999999994	0.0	0.0	0.0	nan	nan
158	testKevin159	67.099999999999994	0.0	0.0	0.0	nan	nan
247	testKevin248	67.560000000000002	0.0	0.0	0.0	nan	nan
236	testKevin237	68.879999999999995	0.0	0.0	0.0	nan	nan
248	testKevin249	70.0	0.0	0.0	0.0	nan	nan
195	testKevin196	71.159999999999997	0.0	0.0	0.0	nan	nan
194	testKevin195	72.200000000000003	0.0	0.0	0.0	nan	nan
193	testKevin194	72.939999999999998	0.0	0.0	0.0	nan	nan
249	testKevin250	73.079999999999998	0.0	0.0	0.0	nan	nan
250	testKevin251	74.0	0.0	0.0	0.0	nan	nan
208	testKevin209	75.739999999999995	0.0	0.0	0.0	nan	nan
251	testKevin252	75.799999999999997	0.0	0.0	0.0	nan	nan
611	testKevin612	76.700000000000003	0.0	0.0	0.0	nan	nan
192	testKevin193	76.739999999999995	0.0	0.0	0.0	nan	nan
237	testKevin238	77.760000000000005	0.0	0.0	0.0	nan	nan
252	testKevin253	80.060000000000002	0.0	0.0	0.0	nan	nan
235	testKevin236	80.239999999999995	0.0	0.0	0.0	nan	nan
234	testKevin235	82.900000000000006	0.0	0.0	0.0	nan	nan
253	testKevin254	83.540000000000006	0.0	0.0	0.0	nan	nan
218	testKevin219	87.939999999999998	0.0	0.0	0.0	nan	nan
227	testKevin228	88.319999999999993	0.0	0.0	0.0	nan	nan
202	testKevin203	88.680000000000007	0.0	0.0	0.0	nan	nan
217	testKevin218	88.700000000000003	0.0	0.0	0.0	nan	nan
254	testKevin255	89.280000000000001	0.0	0.0	0.0	nan	nan
211	testKevin212	90.159999999999997	0.0	0.0	0.0	nan	nan
203	testKevin204	90.299999999999997	0.0	0.0	0.0	nan	nan
204	testKevin205	90.620000000000005	0.0	0.0	0.0	nan	nan
216	testKevin217	90.939999999999998	0.0	0.0	0.0	nan	nan
214	testKevin215	91.180000000000007	0.0	0.0	0.0	nan	nan
215	testKevin216	91.5	0.0	0.0	0.0	nan	nan
213	testKevin214	92.840000000000003	0.0	0.0	0.0	nan	nan
205	testKevin206	93.659999999999997	0.0	0.0	0.0	nan	nan
212	testKevin213	93.819999999999993	0.0	0.0	0.0	nan	nan
210	testKevin211	94.480000000000004	0.0	0.0	0.0	nan	nan
206	testKevin207	96.659999999999997	0.0	0.0	0.0	nan	nan
521	testKevin522	97.260000000000005	0.0	0.0	0.0	nan	nan
233	testKevin234	97.719999999999999	0.0	0.0	0.0	nan	nan
209	testKevin210	98.280000000000001	0.0	0.0	0.0	nan	nan
207	testKevin208	98.840000000000003	0.0	0.0	0.0	nan	nan
219	testKevin220	99.780000000000001	0.0	0.0	0.0	nan	nan
232	testKevin233	100.14	0.0	0.0	0.0	nan	nan
220	testKevin221	100.59999999999999	0.0	0.0	0.0	nan	nan
201	testKevin202	100.94	0.0	0.0	0.0	nan	nan
230	testKevin231	101.40000000000001	0.0	0.0	0.0	nan	nan
466	testKevin467	103.31999999999999	0.0	0.0	0.0	nan	nan
231	testKevin232	103.36	0.0	0.0	0.0	nan	nan
197	testKevin198	104.38	0.0	0.0	0.0	nan	nan
531	testKevin532	104.45999999999999	0.0	0.0	0.0	nan	nan
229	testKevin230	106.23999999999999	0.0	0.0	0.0	nan	nan
198	testKevin199	107.40000000000001	0.0	0.0	0.0	nan	nan
221	testKevin222	108.04000000000001	0.0	0.0	0.0	nan	nan
228	testKevin229	109.95999999999999	0.0	0.0	0.0	nan	nan
199	testKevin200	111.73999999999999	0.0	0.0	0.0	nan	nan
226	testKevin227	112.31999999999999	0.0	0.0	0.0	nan	nan
225	testKevin226	112.95999999999999	0.0	0.0	0.0	nan	nan
224	testKevin225	113.8	0.0	0.0	0.0	nan	nan
223	testKevin224	114.59999999999999	0.0	0.0	0.0	nan	nan
255	testKevin256	121.76000000000001	0.0	0.0	0.0	nan	nan
256	testKevin257	123.16	0.0	0.0	0.0	nan	nan
332	testKevin333	124.7	0.0	0.0	0.0	nan	nan
323	testKevin324	125.7	0.0	0.0	0.0	nan	nan
331	testKevin332	125.81999999999999	0.0	0.0	0.0	nan	nan
330	testKevin331	126.81999999999999	0.0	0.0	0.0	nan	nan
329	testKevin330	127.81999999999999	0.0	0.0	0.0	nan	nan
328	testKevin329	128.81999999999999	0.0	0.0	0.0	nan	nan
270	testKevin271	129.78	0.0	0.0	0.0	nan	nan
326	testKevin327	129.90000000000001	0.0	0.0	0.0	nan	nan
325	testKevin326	130.90000000000001	0.0	0.0	0.0	nan	nan
324	testKevin325	131.90000000000001	0.0	0.0	0.0	nan	nan
316	testKevin317	132.46000000000001	0.0	0.0	0.0	nan	nan
322	testKevin323	133.09999999999999	0.0	0.0	0.0	nan	nan
573	testKevin574	133.28	0.0	0.0	0.0	nan	nan
314	testKevin315	134.34	0.0	0.0	0.0	nan	nan
319	testKevin320	135.13999999999999	0.0	0.0	0.0	nan	nan
315	testKevin316	135.5	0.0	0.0	0.0	nan	nan
334	testKevin335	135.58000000000001	0.0	0.0	0.0	nan	nan
313	testKevin314	135.91999999999999	0.0	0.0	0.0	nan	nan
318	testKevin319	136.13999999999999	0.0	0.0	0.0	nan	nan
354	testKevin355	137.62	0.0	0.0	0.0	nan	nan
335	testKevin336	137.74000000000001	0.0	0.0	0.0	nan	nan
312	testKevin313	138.30000000000001	0.0	0.0	0.0	nan	nan
333	testKevin334	138.90000000000001	0.0	0.0	0.0	nan	nan
310	testKevin311	139.30000000000001	0.0	0.0	0.0	nan	nan
353	testKevin354	140.36000000000001	0.0	0.0	0.0	nan	nan
349	testKevin350	140.40000000000001	0.0	0.0	0.0	nan	nan
348	testKevin349	140.86000000000001	0.0	0.0	0.0	nan	nan
351	testKevin352	142.36000000000001	0.0	0.0	0.0	nan	nan
308	testKevin309	142.56	0.0	0.0	0.0	nan	nan
352	testKevin353	142.74000000000001	0.0	0.0	0.0	nan	nan
350	testKevin351	143.47999999999999	0.0	0.0	0.0	nan	nan
346	testKevin347	147.53999999999999	0.0	0.0	0.0	nan	nan
336	testKevin337	149.40000000000001	0.0	0.0	0.0	nan	nan
344	testKevin345	152.06	0.0	0.0	0.0	nan	nan
342	testKevin343	152.13999999999999	0.0	0.0	0.0	nan	nan
343	testKevin344	152.34	0.0	0.0	0.0	nan	nan
347	testKevin348	154.09999999999999	0.0	0.0	0.0	nan	nan
341	testKevin342	155.06	0.0	0.0	0.0	nan	nan
340	testKevin341	156.18000000000001	0.0	0.0	0.0	nan	nan
337	testKevin338	157.02000000000001	0.0	0.0	0.0	nan	nan
345	testKevin346	157.58000000000001	0.0	0.0	0.0	nan	nan
309	testKevin310	157.90000000000001	0.0	0.0	0.0	nan	nan
338	testKevin339	157.96000000000001	0.0	0.0	0.0	nan	nan
257	testKevin258	158.09999999999999	0.0	0.0	0.0	nan	nan
339	testKevin340	158.46000000000001	0.0	0.0	0.0	nan	nan
307	testKevin308	160.94	0.0	0.0	0.0	nan	nan
273	testKevin274	165.86000000000001	0.0	0.0	0.0	nan	nan
281	testKevin282	170.09999999999999	0.0	0.0	0.0	nan	nan
280	testKevin281	171.09999999999999	0.0	0.0	0.0	nan	nan
275	testKevin276	171.18000000000001	0.0	0.0	0.0	nan	nan
271	testKevin272	171.28	0.0	0.0	0.0	nan	nan
260	testKevin261	171.88	0.0	0.0	0.0	nan	nan
277	testKevin278	171.94	0.0	0.0	0.0	nan	nan
272	testKevin273	172.0	0.0	0.0	0.0	nan	nan
279	testKevin280	172.09999999999999	0.0	0.0	0.0	nan	nan
276	testKevin277	172.58000000000001	0.0	0.0	0.0	nan	nan
278	testKevin279	173.09999999999999	0.0	0.0	0.0	nan	nan
274	testKevin275	174.22	0.0	0.0	0.0	nan	nan
264	testKevin265	174.52000000000001	0.0	0.0	0.0	nan	nan
266	testKevin267	175.38	0.0	0.0	0.0	nan	nan
258	testKevin259	176.08000000000001	0.0	0.0	0.0	nan	nan
269	testKevin270	176.38	0.0	0.0	0.0	nan	nan
283	testKevin284	176.78	0.0	0.0	0.0	nan	nan
268	testKevin269	177.38	0.0	0.0	0.0	nan	nan
267	testKevin268	177.5	0.0	0.0	0.0	nan	nan
306	testKevin307	179.53999999999999	0.0	0.0	0.0	nan	nan
305	testKevin306	181.34	0.0	0.0	0.0	nan	nan
303	testKevin304	182.53999999999999	0.0	0.0	0.0	nan	nan
302	testKevin303	183.53999999999999	0.0	0.0	0.0	nan	nan
282	testKevin283	184.18000000000001	0.0	0.0	0.0	nan	nan
301	testKevin302	184.53999999999999	0.0	0.0	0.0	nan	nan
284	testKevin285	184.58000000000001	0.0	0.0	0.0	nan	nan
295	testKevin296	184.94	0.0	0.0	0.0	nan	nan
300	testKevin301	185.36000000000001	0.0	0.0	0.0	nan	nan
298	testKevin299	186.68000000000001	0.0	0.0	0.0	nan	nan
296	testKevin297	188.86000000000001	0.0	0.0	0.0	nan	nan
297	testKevin298	190.25999999999999	0.0	0.0	0.0	nan	nan
285	testKevin286	193.97999999999999	0.0	0.0	0.0	nan	nan
294	testKevin295	194.86000000000001	0.0	0.0	0.0	nan	nan
293	testKevin294	196.78	0.0	0.0	0.0	nan	nan
292	testKevin293	197.78	0.0	0.0	0.0	nan	nan
191	testKevin192	198.5	0.0	0.0	0.0	nan	nan
291	testKevin292	198.78	0.0	0.0	0.0	nan	nan
290	testKevin291	199.59999999999999	0.0	0.0	0.0	nan	nan
289	testKevin290	199.81999999999999	0.0	0.0	0.0	nan	nan
288	testKevin289	200.06	0.0	0.0	0.0	nan	nan
287	testKevin288	200.90000000000001	0.0	0.0	0.0	nan	nan
286	testKevin287	201.38	0.0	0.0	0.0	nan	nan
190	testKevin191	205.74000000000001	0.0	0.0	0.0	nan	nan
60	testKevin61	209.16	0.0	0.0	0.0	nan	nan
71	testKevin72	210.24000000000001	0.0	0.0	0.0	nan	nan
68	testKevin69	211.44	0.0	0.0	0.0	nan	nan
70	testKevin71	211.88	0.0	0.0	0.0	nan	nan
65	testKevin66	212.44	0.0	0.0	0.0	nan	nan
64	testKevin65	213.44	0.0	0.0	0.0	nan	nan
63	testKevin64	214.44	0.0	0.0	0.0	nan	nan
62	testKevin63	215.44	0.0	0.0	0.0	nan	nan
61	testKevin62	216.44	0.0	0.0	0.0	nan	nan
59	testKevin60	216.80000000000001	0.0	0.0	0.0	nan	nan
58	testKevin59	219.36000000000001	0.0	0.0	0.0	nan	nan
73	testKevin74	220.28	0.0	0.0	0.0	nan	nan
57	testKevin58	220.44	0.0	0.0	0.0	nan	nan
56	testKevin57	221.44	0.0	0.0	0.0	nan	nan
55	testKevin56	222.44	0.0	0.0	0.0	nan	nan
54	testKevin55	223.44	0.0	0.0	0.0	nan	nan
53	testKevin54	224.44	0.0	0.0	0.0	nan	nan
52	testKevin53	225.44	0.0	0.0	0.0	nan	nan
51	testKevin52	226.44	0.0	0.0	0.0	nan	nan
72	testKevin73	227.59999999999999	0.0	0.0	0.0	nan	nan
74	testKevin75	230.12	0.0	0.0	0.0	nan	nan
176	testKevin177	231.08000000000001	0.0	0.0	0.0	nan	nan
86	testKevin87	231.08000000000001	0.0	0.0	0.0	nan	nan
48	testKevin49	231.12	0.0	0.0	0.0	nan	nan
95	testKevin96	233.12	0.0	0.0	0.0	nan	nan
93	testKevin94	233.36000000000001	0.0	0.0	0.0	nan	nan
92	testKevin93	234.36000000000001	0.0	0.0	0.0	nan	nan
91	testKevin92	235.36000000000001	0.0	0.0	0.0	nan	nan
90	testKevin91	236.36000000000001	0.0	0.0	0.0	nan	nan
89	testKevin90	237.36000000000001	0.0	0.0	0.0	nan	nan
94	testKevin95	237.40000000000001	0.0	0.0	0.0	nan	nan
88	testKevin89	238.36000000000001	0.0	0.0	0.0	nan	nan
85	testKevin86	239.44	0.0	0.0	0.0	nan	nan
83	testKevin84	240.63999999999999	0.0	0.0	0.0	nan	nan
75	testKevin76	241.08000000000001	0.0	0.0	0.0	nan	nan
82	testKevin83	242.28	0.0	0.0	0.0	nan	nan
81	testKevin82	243.36000000000001	0.0	0.0	0.0	nan	nan
80	testKevin81	244.36000000000001	0.0	0.0	0.0	nan	nan
79	testKevin80	245.36000000000001	0.0	0.0	0.0	nan	nan
78	testKevin79	246.36000000000001	0.0	0.0	0.0	nan	nan
77	testKevin78	247.36000000000001	0.0	0.0	0.0	nan	nan
189	testKevin190	247.41999999999999	0.0	0.0	0.0	nan	nan
50	testKevin51	247.68000000000001	0.0	0.0	0.0	nan	nan
76	testKevin77	248.36000000000001	0.0	0.0	0.0	nan	nan
47	testKevin48	248.84	0.0	0.0	0.0	nan	nan
13	testKevin14	253.16	0.0	0.0	0.0	nan	nan
21	testKevin22	254.44	0.0	0.0	0.0	nan	nan
22	testKevin23	254.96000000000001	0.0	0.0	0.0	nan	nan
20	testKevin21	255.44	0.0	0.0	0.0	nan	nan
19	testKevin20	256.44	0.0	0.0	0.0	nan	nan
17	testKevin18	257.44	0.0	0.0	0.0	nan	nan
16	testKevin17	258.44	0.0	0.0	0.0	nan	nan
15	testKevin16	259.44	0.0	0.0	0.0	nan	nan
14	testKevin15	260.44	0.0	0.0	0.0	nan	nan
12	testKevin13	260.80000000000001	0.0	0.0	0.0	nan	nan
24	testKevin25	263.31999999999999	0.0	0.0	0.0	nan	nan
9	testKevin10	263.51999999999998	0.0	0.0	0.0	nan	nan
8	testKevin9	264.51999999999998	0.0	0.0	0.0	nan	nan
6	testKevin7	265.51999999999998	0.0	0.0	0.0	nan	nan
5	testKevin6	266.51999999999998	0.0	0.0	0.0	nan	nan
4	testKevin5	267.51999999999998	0.0	0.0	0.0	nan	nan
3	testKevin4	268.51999999999998	0.0	0.0	0.0	nan	nan
2	testKevin3	269.51999999999998	0.0	0.0	0.0	nan	nan
1	testKevin2	270.51999999999998	0.0	0.0	0.0	nan	nan
23	testKevin24	270.80000000000001	0.0	0.0	0.0	nan	nan
46	testKevin47	271.68000000000001	0.0	0.0	0.0	nan	nan
25	testKevin26	273.48000000000002	0.0	0.0	0.0	nan	nan
37	testKevin38	275.16000000000003	0.0	0.0	0.0	nan	nan
45	testKevin46	275.36000000000001	0.0	0.0	0.0	nan	nan
44	testKevin45	276.44	0.0	0.0	0.0	nan	nan
43	testKevin44	277.44	0.0	0.0	0.0	nan	nan
42	testKevin43	278.44	0.0	0.0	0.0	nan	nan
41	testKevin42	279.44	0.0	0.0	0.0	nan	nan
40	testKevin41	280.44	0.0	0.0	0.0	nan	nan
39	testKevin40	281.44	0.0	0.0	0.0	nan	nan
38	testKevin39	282.44	0.0	0.0	0.0	nan	nan
36	testKevin37	282.80000000000001	0.0	0.0	0.0	nan	nan
26	testKevin27	285.16000000000003	0.0	0.0	0.0	nan	nan
35	testKevin36	285.36000000000001	0.0	0.0	0.0	nan	nan
34	testKevin35	286.44	0.0	0.0	0.0	nan	nan
33	testKevin34	287.44	0.0	0.0	0.0	nan	nan
32	testKevin33	288.44	0.0	0.0	0.0	nan	nan
31	testKevin32	289.44	0.0	0.0	0.0	nan	nan
30	testKevin31	290.44	0.0	0.0	0.0	nan	nan
29	testKevin30	291.44	0.0	0.0	0.0	nan	nan
28	testKevin29	292.44	0.0	0.0	0.0	nan	nan
96	testKevin97	293.60000000000002	0.0	0.0	0.0	nan	nan
156	testKevin157	297.16000000000003	0.0	0.0	0.0	nan	nan
97	testKevin98	298.12	0.0	0.0	0.0	nan	nan
165	testKevin166	298.24000000000001	0.0	0.0	0.0	nan	nan
163	testKevin164	299.36000000000001	0.0	0.0	0.0	nan	nan
164	testKevin165	299.88	0.0	0.0	0.0	nan	nan
162	testKevin163	300.36000000000001	0.0	0.0	0.0	nan	nan
98	testKevin99	300.56	0.0	0.0	0.0	nan	nan
161	testKevin162	301.36000000000001	0.0	0.0	0.0	nan	nan
160	testKevin161	302.36000000000001	0.0	0.0	0.0	nan	nan
159	testKevin160	303.36000000000001	0.0	0.0	0.0	nan	nan
157	testKevin158	304.44	0.0	0.0	0.0	nan	nan
154	testKevin155	304.80000000000001	0.0	0.0	0.0	nan	nan
177	testKevin178	307.16000000000003	0.0	0.0	0.0	nan	nan
153	testKevin154	307.36000000000001	0.0	0.0	0.0	nan	nan
167	testKevin168	308.27999999999997	0.0	0.0	0.0	nan	nan
152	testKevin153	308.44	0.0	0.0	0.0	nan	nan
150	testKevin151	309.44	0.0	0.0	0.0	nan	nan
149	testKevin150	310.44	0.0	0.0	0.0	nan	nan
148	testKevin149	311.44	0.0	0.0	0.0	nan	nan
147	testKevin148	312.44	0.0	0.0	0.0	nan	nan
146	testKevin147	313.44	0.0	0.0	0.0	nan	nan
145	testKevin146	314.44	0.0	0.0	0.0	nan	nan
356	testKevin357	315.38	0.0	0.0	0.0	nan	nan
166	testKevin167	315.60000000000002	0.0	0.0	0.0	nan	nan
188	testKevin189	315.83999999999997	0.0	0.0	0.0	nan	nan
168	testKevin169	318.12	0.0	0.0	0.0	nan	nan
179	testKevin180	319.13999999999999	0.0	0.0	0.0	nan	nan
187	testKevin188	319.95999999999998	0.0	0.0	0.0	nan	nan
100	testKevin101	320.72000000000003	0.0	0.0	0.0	nan	nan
186	testKevin187	321.42000000000002	0.0	0.0	0.0	nan	nan
185	testKevin186	322.42000000000002	0.0	0.0	0.0	nan	nan
184	testKevin185	323.42000000000002	0.0	0.0	0.0	nan	nan
183	testKevin184	324.42000000000002	0.0	0.0	0.0	nan	nan
178	testKevin179	324.56	0.0	0.0	0.0	nan	nan
181	testKevin182	325.42000000000002	0.0	0.0	0.0	nan	nan
180	testKevin181	326.42000000000002	0.0	0.0	0.0	nan	nan
169	testKevin170	329.07999999999998	0.0	0.0	0.0	nan	nan
175	testKevin176	331.36000000000001	0.0	0.0	0.0	nan	nan
174	testKevin175	332.36000000000001	0.0	0.0	0.0	nan	nan
173	testKevin174	333.36000000000001	0.0	0.0	0.0	nan	nan
172	testKevin173	334.36000000000001	0.0	0.0	0.0	nan	nan
171	testKevin172	335.36000000000001	0.0	0.0	0.0	nan	nan
144	testKevin145	335.68000000000001	0.0	0.0	0.0	nan	nan
170	testKevin171	336.36000000000001	0.0	0.0	0.0	nan	nan
142	testKevin143	337.75999999999999	0.0	0.0	0.0	nan	nan
143	testKevin144	338.44	0.0	0.0	0.0	nan	nan
110	testKevin111	341.07999999999998	0.0	0.0	0.0	nan	nan
118	testKevin119	342.24000000000001	0.0	0.0	0.0	nan	nan
116	testKevin117	343.36000000000001	0.0	0.0	0.0	nan	nan
117	testKevin118	343.88	0.0	0.0	0.0	nan	nan
115	testKevin116	344.36000000000001	0.0	0.0	0.0	nan	nan
114	testKevin115	345.36000000000001	0.0	0.0	0.0	nan	nan
113	testKevin114	346.36000000000001	0.0	0.0	0.0	nan	nan
112	testKevin113	347.36000000000001	0.0	0.0	0.0	nan	nan
111	testKevin112	348.36000000000001	0.0	0.0	0.0	nan	nan
109	testKevin110	349.44	0.0	0.0	0.0	nan	nan
141	testKevin142	349.56	0.0	0.0	0.0	nan	nan
108	testKevin109	350.63999999999999	0.0	0.0	0.0	nan	nan
107	testKevin108	352.27999999999997	0.0	0.0	0.0	nan	nan
106	testKevin107	353.36000000000001	0.0	0.0	0.0	nan	nan
105	testKevin106	354.36000000000001	0.0	0.0	0.0	nan	nan
104	testKevin105	355.36000000000001	0.0	0.0	0.0	nan	nan
103	testKevin104	356.36000000000001	0.0	0.0	0.0	nan	nan
102	testKevin103	357.36000000000001	0.0	0.0	0.0	nan	nan
101	testKevin102	358.36000000000001	0.0	0.0	0.0	nan	nan
119	testKevin120	359.60000000000002	0.0	0.0	0.0	nan	nan
120	testKevin121	361.48000000000002	0.0	0.0	0.0	nan	nan
355	testKevin356	361.57999999999998	0.0	0.0	0.0	nan	nan
121	testKevin122	363.04000000000002	0.0	0.0	0.0	nan	nan
357	testKevin358	363.25999999999999	0.0	0.0	0.0	nan	nan
140	testKevin141	363.36000000000001	0.0	0.0	0.0	nan	nan
122	testKevin123	363.88	0.0	0.0	0.0	nan	nan
139	testKevin140	364.44	0.0	0.0	0.0	nan	nan
138	testKevin139	365.44	0.0	0.0	0.0	nan	nan
137	testKevin138	366.44	0.0	0.0	0.0	nan	nan
136	testKevin137	367.44	0.0	0.0	0.0	nan	nan
135	testKevin136	368.44	0.0	0.0	0.0	nan	nan
134	testKevin135	369.44	0.0	0.0	0.0	nan	nan
133	testKevin134	370.44	0.0	0.0	0.0	nan	nan
132	testKevin133	371.44	0.0	0.0	0.0	nan	nan
131	testKevin132	371.72000000000003	0.0	0.0	0.0	nan	nan
130	testKevin131	373.36000000000001	0.0	0.0	0.0	nan	nan
129	testKevin130	374.44	0.0	0.0	0.0	nan	nan
128	testKevin129	375.44	0.0	0.0	0.0	nan	nan
127	testKevin128	376.44	0.0	0.0	0.0	nan	nan
126	testKevin127	377.44	0.0	0.0	0.0	nan	nan
124	testKevin125	378.44	0.0	0.0	0.0	nan	nan
123	testKevin124	379.44	0.0	0.0	0.0	nan	nan
737	testKevin738	381.60000000000002	0.0	0.0	0.0	nan	nan
601	testKevin602	384.48000000000002	0.0	0.0	0.0	nan	nan
621	testKevin622	385.51999999999998	0.0	0.0	0.0	nan	nan
622	testKevin623	386.12	0.0	0.0	0.0	nan	nan
620	testKevin621	386.51999999999998	0.0	0.0	0.0	nan	nan
619	testKevin620	387.51999999999998	0.0	0.0	0.0	nan	nan
618	testKevin619	388.51999999999998	0.0	0.0	0.0	nan	nan
617	testKevin618	389.51999999999998	0.0	0.0	0.0	nan	nan
616	testKevin617	390.51999999999998	0.0	0.0	0.0	nan	nan
615	testKevin616	391.51999999999998	0.0	0.0	0.0	nan	nan
614	testKevin615	392.51999999999998	0.0	0.0	0.0	nan	nan
613	testKevin614	393.51999999999998	0.0	0.0	0.0	nan	nan
612	testKevin613	394.51999999999998	0.0	0.0	0.0	nan	nan
610	testKevin611	395.60000000000002	0.0	0.0	0.0	nan	nan
609	testKevin610	396.60000000000002	0.0	0.0	0.0	nan	nan
608	testKevin609	397.60000000000002	0.0	0.0	0.0	nan	nan
607	testKevin608	398.60000000000002	0.0	0.0	0.0	nan	nan
606	testKevin607	399.60000000000002	0.0	0.0	0.0	nan	nan
605	testKevin606	400.60000000000002	0.0	0.0	0.0	nan	nan
604	testKevin605	401.60000000000002	0.0	0.0	0.0	nan	nan
603	testKevin604	402.60000000000002	0.0	0.0	0.0	nan	nan
623	testKevin624	403.25999999999999	0.0	0.0	0.0	nan	nan
624	testKevin625	404.66000000000003	0.0	0.0	0.0	nan	nan
625	testKevin626	406.27999999999997	0.0	0.0	0.0	nan	nan
636	testKevin637	407.25999999999999	0.0	0.0	0.0	nan	nan
643	testKevin644	408.54000000000002	0.0	0.0	0.0	nan	nan
642	testKevin643	409.54000000000002	0.0	0.0	0.0	nan	nan
641	testKevin642	410.54000000000002	0.0	0.0	0.0	nan	nan
644	testKevin645	411.38	0.0	0.0	0.0	nan	nan
640	testKevin641	411.54000000000002	0.0	0.0	0.0	nan	nan
639	testKevin640	412.54000000000002	0.0	0.0	0.0	nan	nan
638	testKevin639	413.54000000000002	0.0	0.0	0.0	nan	nan
637	testKevin638	414.54000000000002	0.0	0.0	0.0	nan	nan
635	testKevin636	415.07999999999998	0.0	0.0	0.0	nan	nan
626	testKevin627	417.25999999999999	0.0	0.0	0.0	nan	nan
634	testKevin635	417.48000000000002	0.0	0.0	0.0	nan	nan
633	testKevin634	418.54000000000002	0.0	0.0	0.0	nan	nan
632	testKevin633	419.54000000000002	0.0	0.0	0.0	nan	nan
631	testKevin632	420.54000000000002	0.0	0.0	0.0	nan	nan
630	testKevin631	421.54000000000002	0.0	0.0	0.0	nan	nan
629	testKevin630	422.54000000000002	0.0	0.0	0.0	nan	nan
628	testKevin629	423.54000000000002	0.0	0.0	0.0	nan	nan
627	testKevin628	424.54000000000002	0.0	0.0	0.0	nan	nan
602	testKevin603	425.62	0.0	0.0	0.0	nan	nan
600	testKevin601	426.63999999999999	0.0	0.0	0.0	nan	nan
599	testKevin600	428.62	0.0	0.0	0.0	nan	nan
570	testKevin571	429.83999999999997	0.0	0.0	0.0	nan	nan
569	testKevin570	430.83999999999997	0.0	0.0	0.0	nan	nan
568	testKevin569	431.83999999999997	0.0	0.0	0.0	nan	nan
567	testKevin568	432.83999999999997	0.0	0.0	0.0	nan	nan
566	testKevin567	433.83999999999997	0.0	0.0	0.0	nan	nan
565	testKevin566	434.83999999999997	0.0	0.0	0.0	nan	nan
358	testKevin359	435.12	0.0	0.0	0.0	nan	nan
562	testKevin563	435.83999999999997	0.0	0.0	0.0	nan	nan
561	testKevin562	436.83999999999997	0.0	0.0	0.0	nan	nan
560	testKevin561	437.83999999999997	0.0	0.0	0.0	nan	nan
559	testKevin560	438.83999999999997	0.0	0.0	0.0	nan	nan
558	testKevin559	439.83999999999997	0.0	0.0	0.0	nan	nan
557	testKevin558	440.83999999999997	0.0	0.0	0.0	nan	nan
554	testKevin555	441.83999999999997	0.0	0.0	0.0	nan	nan
553	testKevin554	442.83999999999997	0.0	0.0	0.0	nan	nan
552	testKevin553	443.83999999999997	0.0	0.0	0.0	nan	nan
571	testKevin572	444.83999999999997	0.0	0.0	0.0	nan	nan
551	testKevin552	444.83999999999997	0.0	0.0	0.0	nan	nan
550	testKevin551	445.83999999999997	0.0	0.0	0.0	nan	nan
572	testKevin573	449.04000000000002	0.0	0.0	0.0	nan	nan
549	testKevin550	449.07999999999998	0.0	0.0	0.0	nan	nan
575	testKevin576	450.60000000000002	0.0	0.0	0.0	nan	nan
590	testKevin591	451.62	0.0	0.0	0.0	nan	nan
598	testKevin599	452.62	0.0	0.0	0.0	nan	nan
597	testKevin598	453.62	0.0	0.0	0.0	nan	nan
596	testKevin597	454.62	0.0	0.0	0.0	nan	nan
595	testKevin596	455.62	0.0	0.0	0.0	nan	nan
594	testKevin595	456.62	0.0	0.0	0.0	nan	nan
593	testKevin594	457.62	0.0	0.0	0.0	nan	nan
592	testKevin593	458.62	0.0	0.0	0.0	nan	nan
591	testKevin592	459.62	0.0	0.0	0.0	nan	nan
588	testKevin589	460.66000000000003	0.0	0.0	0.0	nan	nan
578	testKevin579	461.39999999999998	0.0	0.0	0.0	nan	nan
587	testKevin588	462.63999999999999	0.0	0.0	0.0	nan	nan
586	testKevin587	463.63999999999999	0.0	0.0	0.0	nan	nan
585	testKevin586	464.63999999999999	0.0	0.0	0.0	nan	nan
584	testKevin585	465.63999999999999	0.0	0.0	0.0	nan	nan
583	testKevin584	466.63999999999999	0.0	0.0	0.0	nan	nan
548	testKevin549	466.98000000000002	0.0	0.0	0.0	nan	nan
581	testKevin582	467.63999999999999	0.0	0.0	0.0	nan	nan
645	testKevin646	468.04000000000002	0.0	0.0	0.0	nan	nan
580	testKevin581	468.63999999999999	0.0	0.0	0.0	nan	nan
579	testKevin580	469.45999999999998	0.0	0.0	0.0	nan	nan
646	testKevin647	471.62	0.0	0.0	0.0	nan	nan
713	testKevin714	474.62	0.0	0.0	0.0	nan	nan
647	testKevin648	475.31999999999999	0.0	0.0	0.0	nan	nan
712	testKevin713	475.62	0.0	0.0	0.0	nan	nan
711	testKevin712	476.62	0.0	0.0	0.0	nan	nan
710	testKevin711	477.62	0.0	0.0	0.0	nan	nan
648	testKevin649	478.33999999999997	0.0	0.0	0.0	nan	nan
709	testKevin710	478.62	0.0	0.0	0.0	nan	nan
708	testKevin709	479.62	0.0	0.0	0.0	nan	nan
707	testKevin708	480.62	0.0	0.0	0.0	nan	nan
706	testKevin707	481.62	0.0	0.0	0.0	nan	nan
705	testKevin706	482.62	0.0	0.0	0.0	nan	nan
704	testKevin705	483.62	0.0	0.0	0.0	nan	nan
703	testKevin704	484.62	0.0	0.0	0.0	nan	nan
702	testKevin703	485.62	0.0	0.0	0.0	nan	nan
701	testKevin702	486.62	0.0	0.0	0.0	nan	nan
700	testKevin701	487.62	0.0	0.0	0.0	nan	nan
699	testKevin700	488.62	0.0	0.0	0.0	nan	nan
698	testKevin699	489.62	0.0	0.0	0.0	nan	nan
697	testKevin698	490.62	0.0	0.0	0.0	nan	nan
696	testKevin697	491.62	0.0	0.0	0.0	nan	nan
695	testKevin696	492.62	0.0	0.0	0.0	nan	nan
714	testKevin715	493.62	0.0	0.0	0.0	nan	nan
715	testKevin716	494.62	0.0	0.0	0.0	nan	nan
716	testKevin717	495.62	0.0	0.0	0.0	nan	nan
727	testKevin728	496.62	0.0	0.0	0.0	nan	nan
735	testKevin736	497.62	0.0	0.0	0.0	nan	nan
734	testKevin735	498.62	0.0	0.0	0.0	nan	nan
733	testKevin734	499.62	0.0	0.0	0.0	nan	nan
732	testKevin733	500.62	0.0	0.0	0.0	nan	nan
731	testKevin732	501.62	0.0	0.0	0.0	nan	nan
730	testKevin731	502.62	0.0	0.0	0.0	nan	nan
729	testKevin730	503.62	0.0	0.0	0.0	nan	nan
728	testKevin729	504.62	0.0	0.0	0.0	nan	nan
726	testKevin727	505.62	0.0	0.0	0.0	nan	nan
717	testKevin718	506.62	0.0	0.0	0.0	nan	nan
725	testKevin726	507.62	0.0	0.0	0.0	nan	nan
724	testKevin725	508.62	0.0	0.0	0.0	nan	nan
723	testKevin724	509.62	0.0	0.0	0.0	nan	nan
722	testKevin723	510.62	0.0	0.0	0.0	nan	nan
721	testKevin722	511.62	0.0	0.0	0.0	nan	nan
720	testKevin721	512.62	0.0	0.0	0.0	nan	nan
693	testKevin694	513.17999999999995	0.0	0.0	0.0	nan	nan
719	testKevin720	513.62	0.0	0.0	0.0	nan	nan
718	testKevin719	514.62	0.0	0.0	0.0	nan	nan
694	testKevin695	515.62	0.0	0.0	0.0	nan	nan
692	testKevin693	517.53999999999996	0.0	0.0	0.0	nan	nan
659	testKevin660	519.34000000000003	0.0	0.0	0.0	nan	nan
667	testKevin668	519.62	0.0	0.0	0.0	nan	nan
666	testKevin667	520.62	0.0	0.0	0.0	nan	nan
665	testKevin666	521.62	0.0	0.0	0.0	nan	nan
664	testKevin665	522.62	0.0	0.0	0.0	nan	nan
663	testKevin664	523.62	0.0	0.0	0.0	nan	nan
662	testKevin663	524.62	0.0	0.0	0.0	nan	nan
661	testKevin662	525.62	0.0	0.0	0.0	nan	nan
660	testKevin661	526.62	0.0	0.0	0.0	nan	nan
658	testKevin659	527.70000000000005	0.0	0.0	0.0	nan	nan
669	testKevin670	529.5	0.0	0.0	0.0	nan	nan
657	testKevin658	529.62	0.0	0.0	0.0	nan	nan
656	testKevin657	530.62	0.0	0.0	0.0	nan	nan
655	testKevin656	531.62	0.0	0.0	0.0	nan	nan
654	testKevin655	532.62	0.0	0.0	0.0	nan	nan
653	testKevin654	533.62	0.0	0.0	0.0	nan	nan
651	testKevin652	534.63999999999999	0.0	0.0	0.0	nan	nan
650	testKevin651	535.63999999999999	0.0	0.0	0.0	nan	nan
649	testKevin650	536.63999999999999	0.0	0.0	0.0	nan	nan
668	testKevin669	537.70000000000005	0.0	0.0	0.0	nan	nan
690	testKevin691	537.94000000000005	0.0	0.0	0.0	nan	nan
547	testKevin548	538.60000000000002	0.0	0.0	0.0	nan	nan
670	testKevin671	538.77999999999997	0.0	0.0	0.0	nan	nan
681	testKevin682	540.70000000000005	0.0	0.0	0.0	nan	nan
689	testKevin690	541.70000000000005	0.0	0.0	0.0	nan	nan
688	testKevin689	542.70000000000005	0.0	0.0	0.0	nan	nan
687	testKevin688	543.70000000000005	0.0	0.0	0.0	nan	nan
686	testKevin687	544.70000000000005	0.0	0.0	0.0	nan	nan
685	testKevin686	545.70000000000005	0.0	0.0	0.0	nan	nan
684	testKevin685	546.70000000000005	0.0	0.0	0.0	nan	nan
683	testKevin684	547.70000000000005	0.0	0.0	0.0	nan	nan
682	testKevin683	548.70000000000005	0.0	0.0	0.0	nan	nan
680	testKevin681	549.70000000000005	0.0	0.0	0.0	nan	nan
671	testKevin672	550.70000000000005	0.0	0.0	0.0	nan	nan
679	testKevin680	551.70000000000005	0.0	0.0	0.0	nan	nan
678	testKevin679	552.70000000000005	0.0	0.0	0.0	nan	nan
677	testKevin678	553.70000000000005	0.0	0.0	0.0	nan	nan
676	testKevin677	554.70000000000005	0.0	0.0	0.0	nan	nan
675	testKevin676	555.70000000000005	0.0	0.0	0.0	nan	nan
674	testKevin675	556.70000000000005	0.0	0.0	0.0	nan	nan
673	testKevin674	557.70000000000005	0.0	0.0	0.0	nan	nan
672	testKevin673	558.70000000000005	0.0	0.0	0.0	nan	nan
546	testKevin547	561.17999999999995	0.0	0.0	0.0	nan	nan
424	testKevin425	564.08000000000004	0.0	0.0	0.0	nan	nan
423	testKevin424	565.08000000000004	0.0	0.0	0.0	nan	nan
422	testKevin423	566.08000000000004	0.0	0.0	0.0	nan	nan
421	testKevin422	567.08000000000004	0.0	0.0	0.0	nan	nan
420	testKevin421	568.08000000000004	0.0	0.0	0.0	nan	nan
419	testKevin420	569.08000000000004	0.0	0.0	0.0	nan	nan
418	testKevin419	570.08000000000004	0.0	0.0	0.0	nan	nan
417	testKevin418	571.08000000000004	0.0	0.0	0.0	nan	nan
416	testKevin417	572.08000000000004	0.0	0.0	0.0	nan	nan
415	testKevin416	573.08000000000004	0.0	0.0	0.0	nan	nan
414	testKevin415	574.08000000000004	0.0	0.0	0.0	nan	nan
545	testKevin546	574.82000000000005	0.0	0.0	0.0	nan	nan
413	testKevin414	575.08000000000004	0.0	0.0	0.0	nan	nan
448	testKevin449	575.17999999999995	0.0	0.0	0.0	nan	nan
412	testKevin413	576.08000000000004	0.0	0.0	0.0	nan	nan
410	testKevin411	577.08000000000004	0.0	0.0	0.0	nan	nan
409	testKevin410	578.08000000000004	0.0	0.0	0.0	nan	nan
425	testKevin426	579.08000000000004	0.0	0.0	0.0	nan	nan
408	testKevin409	579.53999999999996	0.0	0.0	0.0	nan	nan
406	testKevin407	580.27999999999997	0.0	0.0	0.0	nan	nan
407	testKevin408	581.86000000000001	0.0	0.0	0.0	nan	nan
426	testKevin427	582.08000000000004	0.0	0.0	0.0	nan	nan
427	testKevin428	582.91999999999996	0.0	0.0	0.0	nan	nan
405	testKevin406	586.44000000000005	0.0	0.0	0.0	nan	nan
446	testKevin447	587.10000000000002	0.0	0.0	0.0	nan	nan
438	testKevin439	587.77999999999997	0.0	0.0	0.0	nan	nan
445	testKevin446	588.10000000000002	0.0	0.0	0.0	nan	nan
444	testKevin445	589.10000000000002	0.0	0.0	0.0	nan	nan
443	testKevin444	590.10000000000002	0.0	0.0	0.0	nan	nan
442	testKevin443	591.10000000000002	0.0	0.0	0.0	nan	nan
441	testKevin442	591.55999999999995	0.0	0.0	0.0	nan	nan
428	testKevin429	592.96000000000004	0.0	0.0	0.0	nan	nan
439	testKevin440	593.01999999999998	0.0	0.0	0.0	nan	nan
440	testKevin441	593.03999999999996	0.0	0.0	0.0	nan	nan
437	testKevin438	595.29999999999995	0.0	0.0	0.0	nan	nan
436	testKevin437	597.10000000000002	0.0	0.0	0.0	nan	nan
435	testKevin436	598.10000000000002	0.0	0.0	0.0	nan	nan
434	testKevin435	599.10000000000002	0.0	0.0	0.0	nan	nan
433	testKevin434	600.10000000000002	0.0	0.0	0.0	nan	nan
404	testKevin405	600.39999999999998	0.0	0.0	0.0	nan	nan
432	testKevin433	600.70000000000005	0.0	0.0	0.0	nan	nan
430	testKevin431	600.94000000000005	0.0	0.0	0.0	nan	nan
431	testKevin432	601.10000000000002	0.0	0.0	0.0	nan	nan
429	testKevin430	601.12	0.0	0.0	0.0	nan	nan
360	testKevin361	605.13999999999999	0.0	0.0	0.0	nan	nan
403	testKevin404	607.82000000000005	0.0	0.0	0.0	nan	nan
402	testKevin403	608.94000000000005	0.0	0.0	0.0	nan	nan
377	testKevin378	609.10000000000002	0.0	0.0	0.0	nan	nan
369	testKevin370	609.89999999999998	0.0	0.0	0.0	nan	nan
376	testKevin377	610.10000000000002	0.0	0.0	0.0	nan	nan
375	testKevin376	611.10000000000002	0.0	0.0	0.0	nan	nan
374	testKevin375	612.10000000000002	0.0	0.0	0.0	nan	nan
373	testKevin374	613.10000000000002	0.0	0.0	0.0	nan	nan
372	testKevin373	614.10000000000002	0.0	0.0	0.0	nan	nan
371	testKevin372	615.10000000000002	0.0	0.0	0.0	nan	nan
370	testKevin371	616.10000000000002	0.0	0.0	0.0	nan	nan
361	testKevin362	616.15999999999997	0.0	0.0	0.0	nan	nan
736	testKevin737	617.29999999999995	0.0	0.0	0.0	nan	nan
379	testKevin380	618.29999999999995	0.0	0.0	0.0	nan	nan
367	testKevin368	619.10000000000002	0.0	0.0	0.0	nan	nan
366	testKevin367	620.10000000000002	0.0	0.0	0.0	nan	nan
365	testKevin366	621.10000000000002	0.0	0.0	0.0	nan	nan
364	testKevin365	622.10000000000002	0.0	0.0	0.0	nan	nan
362	testKevin363	622.75999999999999	0.0	0.0	0.0	nan	nan
363	testKevin364	623.10000000000002	0.0	0.0	0.0	nan	nan
378	testKevin379	623.29999999999995	0.0	0.0	0.0	nan	nan
380	testKevin381	626.34000000000003	0.0	0.0	0.0	nan	nan
401	testKevin402	629.5	0.0	0.0	0.0	nan	nan
400	testKevin401	631.29999999999995	0.0	0.0	0.0	nan	nan
392	testKevin393	631.98000000000002	0.0	0.0	0.0	nan	nan
399	testKevin400	632.29999999999995	0.0	0.0	0.0	nan	nan
398	testKevin399	633.29999999999995	0.0	0.0	0.0	nan	nan
397	testKevin398	634.29999999999995	0.0	0.0	0.0	nan	nan
396	testKevin397	635.12	0.0	0.0	0.0	nan	nan
395	testKevin396	635.74000000000001	0.0	0.0	0.0	nan	nan
447	testKevin448	636.5	0.0	0.0	0.0	nan	nan
381	testKevin382	637.17999999999995	0.0	0.0	0.0	nan	nan
393	testKevin394	637.22000000000003	0.0	0.0	0.0	nan	nan
394	testKevin395	637.24000000000001	0.0	0.0	0.0	nan	nan
391	testKevin392	639.5	0.0	0.0	0.0	nan	nan
390	testKevin391	641.29999999999995	0.0	0.0	0.0	nan	nan
389	testKevin390	642.29999999999995	0.0	0.0	0.0	nan	nan
388	testKevin389	643.29999999999995	0.0	0.0	0.0	nan	nan
387	testKevin388	644.29999999999995	0.0	0.0	0.0	nan	nan
449	testKevin450	644.82000000000005	0.0	0.0	0.0	nan	nan
386	testKevin387	645.12	0.0	0.0	0.0	nan	nan
385	testKevin386	645.34000000000003	0.0	0.0	0.0	nan	nan
382	testKevin383	645.34000000000003	0.0	0.0	0.0	nan	nan
384	testKevin385	645.58000000000004	0.0	0.0	0.0	nan	nan
450	testKevin451	650.29999999999995	0.0	0.0	0.0	nan	nan
518	testKevin519	653.29999999999995	0.0	0.0	0.0	nan	nan
517	testKevin518	654.29999999999995	0.0	0.0	0.0	nan	nan
516	testKevin517	655.29999999999995	0.0	0.0	0.0	nan	nan
543	testKevin544	655.94000000000005	0.0	0.0	0.0	nan	nan
515	testKevin516	656.29999999999995	0.0	0.0	0.0	nan	nan
514	testKevin515	657.29999999999995	0.0	0.0	0.0	nan	nan
513	testKevin514	658.29999999999995	0.0	0.0	0.0	nan	nan
512	testKevin513	659.29999999999995	0.0	0.0	0.0	nan	nan
511	testKevin512	660.29999999999995	0.0	0.0	0.0	nan	nan
510	testKevin511	661.29999999999995	0.0	0.0	0.0	nan	nan
509	testKevin510	662.29999999999995	0.0	0.0	0.0	nan	nan
508	testKevin509	663.29999999999995	0.0	0.0	0.0	nan	nan
507	testKevin508	664.29999999999995	0.0	0.0	0.0	nan	nan
506	testKevin507	665.29999999999995	0.0	0.0	0.0	nan	nan
505	testKevin506	666.29999999999995	0.0	0.0	0.0	nan	nan
504	testKevin505	667.29999999999995	0.0	0.0	0.0	nan	nan
519	testKevin520	668.29999999999995	0.0	0.0	0.0	nan	nan
503	testKevin504	668.74000000000001	0.0	0.0	0.0	nan	nan
501	testKevin502	669.46000000000004	0.0	0.0	0.0	nan	nan
502	testKevin503	670.20000000000005	0.0	0.0	0.0	nan	nan
520	testKevin521	671.29999999999995	0.0	0.0	0.0	nan	nan
522	testKevin523	673.25999999999999	0.0	0.0	0.0	nan	nan
500	testKevin501	675.63999999999999	0.0	0.0	0.0	nan	nan
542	testKevin543	676.13999999999999	0.0	0.0	0.0	nan	nan
534	testKevin535	676.75999999999999	0.0	0.0	0.0	nan	nan
541	testKevin542	677.13999999999999	0.0	0.0	0.0	nan	nan
540	testKevin541	678.13999999999999	0.0	0.0	0.0	nan	nan
539	testKevin540	679.13999999999999	0.0	0.0	0.0	nan	nan
538	testKevin539	680.13999999999999	0.0	0.0	0.0	nan	nan
537	testKevin538	681.13999999999999	0.0	0.0	0.0	nan	nan
535	testKevin536	681.5	0.0	0.0	0.0	nan	nan
536	testKevin537	681.96000000000004	0.0	0.0	0.0	nan	nan
523	testKevin524	682.62	0.0	0.0	0.0	nan	nan
533	testKevin534	684.34000000000003	0.0	0.0	0.0	nan	nan
532	testKevin533	686.13999999999999	0.0	0.0	0.0	nan	nan
530	testKevin531	687.22000000000003	0.0	0.0	0.0	nan	nan
529	testKevin530	688.22000000000003	0.0	0.0	0.0	nan	nan
528	testKevin529	689.22000000000003	0.0	0.0	0.0	nan	nan
527	testKevin528	690.22000000000003	0.0	0.0	0.0	nan	nan
524	testKevin525	690.41999999999996	0.0	0.0	0.0	nan	nan
526	testKevin527	691.03999999999996	0.0	0.0	0.0	nan	nan
525	testKevin526	691.25999999999999	0.0	0.0	0.0	nan	nan
499	testKevin500	694.75999999999999	0.0	0.0	0.0	nan	nan
498	testKevin499	697.13999999999999	0.0	0.0	0.0	nan	nan
451	testKevin452	698.22000000000003	0.0	0.0	0.0	nan	nan
472	testKevin473	698.29999999999995	0.0	0.0	0.0	nan	nan
461	testKevin462	699.08000000000004	0.0	0.0	0.0	nan	nan
470	testKevin471	699.29999999999995	0.0	0.0	0.0	nan	nan
468	testKevin469	700.32000000000005	0.0	0.0	0.0	nan	nan
497	testKevin498	700.65999999999997	0.0	0.0	0.0	nan	nan
467	testKevin468	701.32000000000005	0.0	0.0	0.0	nan	nan
465	testKevin466	702.39999999999998	0.0	0.0	0.0	nan	nan
464	testKevin465	703.39999999999998	0.0	0.0	0.0	nan	nan
462	testKevin463	704.32000000000005	0.0	0.0	0.0	nan	nan
463	testKevin464	704.39999999999998	0.0	0.0	0.0	nan	nan
459	testKevin460	706.60000000000002	0.0	0.0	0.0	nan	nan
474	testKevin475	707.38	0.0	0.0	0.0	nan	nan
458	testKevin459	708.39999999999998	0.0	0.0	0.0	nan	nan
452	testKevin453	708.89999999999998	0.0	0.0	0.0	nan	nan
457	testKevin458	709.39999999999998	0.0	0.0	0.0	nan	nan
456	testKevin457	710.39999999999998	0.0	0.0	0.0	nan	nan
453	testKevin454	710.75999999999999	0.0	0.0	0.0	nan	nan
455	testKevin456	710.98000000000002	0.0	0.0	0.0	nan	nan
454	testKevin455	711.05999999999995	0.0	0.0	0.0	nan	nan
473	testKevin474	712.5	0.0	0.0	0.0	nan	nan
476	testKevin477	714.22000000000003	0.0	0.0	0.0	nan	nan
496	testKevin497	718.58000000000004	0.0	0.0	0.0	nan	nan
495	testKevin496	720.38	0.0	0.0	0.0	nan	nan
487	testKevin488	721.05999999999995	0.0	0.0	0.0	nan	nan
494	testKevin495	721.38	0.0	0.0	0.0	nan	nan
493	testKevin494	722.38	0.0	0.0	0.0	nan	nan
492	testKevin493	723.38	0.0	0.0	0.0	nan	nan
491	testKevin492	724.20000000000005	0.0	0.0	0.0	nan	nan
490	testKevin491	724.82000000000005	0.0	0.0	0.0	nan	nan
477	testKevin478	726.13999999999999	0.0	0.0	0.0	nan	nan
488	testKevin489	726.29999999999995	0.0	0.0	0.0	nan	nan
489	testKevin490	726.32000000000005	0.0	0.0	0.0	nan	nan
486	testKevin487	728.58000000000004	0.0	0.0	0.0	nan	nan
485	testKevin486	730.38	0.0	0.0	0.0	nan	nan
484	testKevin485	731.38	0.0	0.0	0.0	nan	nan
483	testKevin484	732.38	0.0	0.0	0.0	nan	nan
482	testKevin483	733.38	0.0	0.0	0.0	nan	nan
481	testKevin482	734.20000000000005	0.0	0.0	0.0	nan	nan
480	testKevin481	734.41999999999996	0.0	0.0	0.0	nan	nan
478	testKevin479	734.41999999999996	0.0	0.0	0.0	nan	nan
479	testKevin480	734.65999999999997	0.0	0.0	0.0	nan	nan
368	testKevin369	738.0	0.0	0.0	0.0	nan	nan
