0.00804700472602	0.583343977519	0.104738791672	0.000383190701239	0.00255460467493	0.0	0.0	0.0265678886192	0.000894111636224	0.200408736748
0.0	0.0	0.0	0.0	0.0	0.0	0.0	0.0	0.0	1.0
0.266272189349	0.627218934911	0.0	0.0	0.0	0.0	0.0	0.0	0.0	0.0828402366864
0.145794392523	0.0523364485981	0.0	0.0	0.00934579439252	0.745794392523	0.0	0.0467289719626	0.0018691588785	0.0
0.270240700219	0.519693654267	0.0	0.0	0.0568927789934	0.00218818380744	0.0	0.112691466083	0.00109409190372	0.0612691466083
0.46868091378	0.352247605011	0.0	0.0	0.0066322770818	0.0	0.0	0.0987472365512	0.0	0.0655858511422
0.322429906542	0.481308411215	0.0	0.0	0.0	0.0	0.0	0.144859813084	0.0	0.0
0.4	0.2	0.0	0.0	0.0	0.0	0.0	0.4	0.0	0.0
0.362467866324	0.529562982005	0.0	0.0	0.0848329048843	0.0591259640103	0.0	0.0025706940874	0.0	0.012853470437
0.565533980583	0.399676375405	0.0	0.0	0.0210355987055	0.0	0.0	0.00161812297735	0.0	0.0258899676375
0.201820464532	0.52762084118	0.000313873195229	0.0	0.0354676710609	0.0395480225989	0.0	0.0536723163842	0.00345260514752	0.0681104833647
0.400692840647	0.273672055427	0.00461893764434	0.0	0.00923787528868	0.0	0.0	0.0993071593533	0.0	0.219399538106
0.48185483871	0.45060483871	0.0	0.0	0.0070564516129	0.0	0.0	0.0262096774194	0.00806451612903	0.0191532258065
0.16992481203	0.448120300752	0.0	0.0	0.130827067669	0.0015037593985	0.0	0.212030075188	0.0	0.121804511278
0.211627906977	0.748837209302	0.00232558139535	0.0	0.0116279069767	0.0	0.0	0.0	0.0	0.0116279069767
0.0	0.918437285812	0.00616860863605	0.0	0.100753941056	0.0	0.0	0.0520904729267	0.0	0.0198766278273
0.223463687151	0.631284916201	0.0	0.0	0.072625698324	0.0111731843575	0.0	0.0502793296089	0.0	0.0391061452514
0.313913043478	0.62347826087	0.0	0.0	0.00782608695652	0.0	0.0	0.0	0.0	0.0208695652174
0.432188065099	0.533453887884	0.0	0.0	0.00361663652803	0.0	0.0	0.0	0.0	0.0162748643761
0.0238095238095	0.658008658009	0.0313852813853	0.0119047619048	0.034632034632	0.0	0.00108225108225	0.0465367965368	0.0205627705628	0.160173160173
0.304761904762	0.595238095238	0.0	0.0	0.0031746031746	0.0	0.0	0.0666666666667	0.0	0.00634920634921
0.317333333333	0.128	0.00266666666667	0.0	0.0	0.0	0.0	0.533333333333	0.0	0.016
0.215139442231	0.684262948207	0.0	0.00199203187251	0.0219123505976	0.000996015936255	0.0	0.0	0.0	0.0627490039841
0.315573770492	0.397540983607	0.0	0.0	0.0737704918033	0.0204918032787	0.0	0.0614754098361	0.0	0.0901639344262
0.0	0.662087912088	0.0233516483516	0.0	0.0247252747253	0.00137362637363	0.00137362637363	0.00961538461538	0.010989010989	0.285714285714
0.0	0.654237288136	0.00847457627119	0.0	0.00169491525424	0.0	0.0	0.230508474576	0.00338983050847	0.1
0.290129611167	0.681954137587	0.00548354935194	0.0	0.191425722832	0.0	0.0	0.00049850448654	0.0	0.00049850448654
0.0	0.0	0.0	0.0	0.0	0.0	0.0	0.0	0.0	0.0
0.377896613191	0.508021390374	0.0	0.0	0.0124777183601	0.0	0.00356506238859	0.0196078431373	0.0	0.0837789661319
0.47875569044	0.483308042489	0.00151745068285	0.0	0.0857359635812	0.0	0.0	0.00531107738998	0.00151745068285	0.00986342943854
0.0	0.532407407407	0.0	0.0	0.00462962962963	0.0	0.0	0.402777777778	0.0	0.0
0.152758132956	0.683168316832	0.001414427157	0.0	0.018387553041	0.001414427157	0.0	0.00848656294201	0.018387553041	0.121640735502
0.157986111111	0.744791666667	0.0	0.0	0.00347222222222	0.0	0.0	0.0329861111111	0.0	0.0381944444444
0.154826958106	0.765027322404	0.0	0.0	0.0	0.0	0.00182149362477	0.0346083788707	0.0	0.0
0.238095238095	0.578947368421	0.00250626566416	0.0	0.0250626566416	0.132832080201	0.0	0.0	0.00501253132832	0.0250626566416
0.0102040816327	0.505102040816	0.0	0.0	0.0	0.015306122449	0.0	0.15306122449	0.0	0.00510204081633
0.0862068965517	0.793103448276	0.0	0.0	0.0	0.103448275862	0.0	0.0	0.0	0.0172413793103
0.501424501425	0.390313390313	0.0	0.0	0.025641025641	0.002849002849	0.0	0.0	0.0	0.0826210826211
0.214285714286	0.785714285714	0.0	0.0	0.0	0.0	0.0	0.0	0.0	0.0
0.257703081232	0.700280112045	0.0	0.0	0.0140056022409	0.0	0.0	0.0	0.0	0.03081232493
0.236821400472	0.552321007081	0.0204563335956	0.0	0.0157356412274	0.000786782061369	0.00236034618411	0.000786782061369	0.00393391030685	0.158929976397
0.0	0.0	0.0	0.0	0.0	0.0	0.0	0.0	0.0	0.0
0.191176470588	0.661764705882	0.0	0.0	0.0147058823529	0.0441176470588	0.0	0.0735294117647	0.0	0.0
0.114130434783	0.732608695652	0.00652173913043	0.0	0.0108695652174	0.00217391304348	0.0	0.0	0.00217391304348	0.139130434783
0.267485822306	0.657372400756	0.00756143667297	0.0	0.0756143667297	0.00047258979206	0.0	0.0	0.0	0.0430056710775
0.148936170213	0.734042553191	0.0	0.0	0.202127659574	0.0	0.0	0.031914893617	0.0	0.0
0.050139275766	0.596100278552	0.0041782729805	0.0	0.0	0.0	0.00278551532033	0.08356545961	0.033426183844	0.155988857939
0.0	1.0	0.0	0.0	0.0	0.0	0.0	0.0	0.0	0.0
0.475935828877	0.243315508021	0.00267379679144	0.0	0.155080213904	0.0454545454545	0.0	0.216577540107	0.0	0.00267379679144
0.378091872792	0.579505300353	0.0	0.0	0.0	0.0	0.0	0.0159010600707	0.0	0.0123674911661
0.173716632444	0.771663244353	0.0	0.0	0.0139630390144	0.0	0.0	0.0	0.0	0.029158110883
0.124481327801	0.757261410788	0.0	0.0	0.0124481327801	0.0311203319502	0.0	0.0269709543568	0.0	0.0560165975104
0.263471177945	0.726347117794	0.00015664160401	0.0	0.0	0.0	0.0	0.0	0.0	0.00642230576441
0.552930056711	0.418714555766	0.000945179584121	0.0	0.00661625708885	0.0	0.0	0.0	0.0	0.0198487712665
0.467592592593	0.37962962963	0.0	0.0	0.0787037037037	0.0	0.0	0.0532407407407	0.00231481481481	0.0648148148148
0.0	1.0	0.0	0.0	0.0	0.0	0.0	0.0	0.0	0.0
0.103174603175	0.595238095238	0.0	0.0	0.0119047619048	0.0238095238095	0.0	0.162698412698	0.0	0.0833333333333
0.30604288499	0.604288499025	0.00974658869396	0.00389863547758	0.056530214425	0.0	0.0	0.0	0.00779727095517	0.00194931773879
0.239436619718	0.647887323944	0.0	0.0	0.0093896713615	0.0	0.0	0.00469483568075	0.0	0.0610328638498
0.0550458715596	0.660550458716	0.0	0.0	0.0275229357798	0.0183486238532	0.0	0.100917431193	0.0	0.146788990826
0.429473684211	0.509473684211	0.0	0.0	0.0273684210526	0.00421052631579	0.0	0.0273684210526	0.00842105263158	0.0105263157895
0.175438596491	0.796783625731	0.0	0.0	0.0921052631579	0.0	0.0	0.0	0.00146198830409	0.0175438596491
0.261621621622	0.246486486486	0.0	0.0	0.0335135135135	0.423783783784	0.0	0.052972972973	0.0	0.00432432432432
0.0353063343718	0.806853582555	0.0	0.0	0.00726895119418	0.00103842159917	0.0	0.0269989615784	0.0	0.0848044305988
0.0928632846088	0.883061049011	0.000859845227859	0.0	0.0137575236457	0.0	0.0	0.0	0.0	0.00601891659501
0.223638470452	0.626882966396	0.00231749710313	0.0	0.00347624565469	0.0706836616454	0.0	0.0150637311703	0.0	0.0220162224797
0.402287893232	0.176358436606	0.0	0.0	0.0648236415634	0.411820781697	0.0	0.0	0.0	0.00285986653956
0.0748898678414	0.68281938326	0.0	0.0	0.0616740088106	0.00440528634361	0.0	0.0925110132159	0.0484581497797	0.0903083700441
0.666666666667	0.166666666667	0.166666666667	0.0	0.0	0.0	0.0	0.0	0.0	0.0
0.333333333333	0.611111111111	0.0	0.0	0.0	0.0	0.0	0.0	0.0	0.0
0.375706214689	0.497175141243	0.0	0.0	0.0197740112994	0.0	0.0	0.00282485875706	0.0	0.00847457627119
0.08	0.16	0.08	0.0	0.0	0.0	0.0	0.0	0.0	0.0
0.27027027027	0.648648648649	0.0	0.0	0.108108108108	0.0	0.0	0.0	0.0	0.027027027027
0.0	1.0	0.0	0.0	0.0	0.0	0.0	0.0	0.0	0.0
0.0	0.0	0.0	0.0	0.0	0.0	0.2	0.2	0.0	0.0
0.191616766467	0.125748502994	0.0	0.0	0.0359281437126	0.586826347305	0.0	0.0119760479042	0.0	0.0299401197605
0.512077294686	0.289855072464	0.0048309178744	0.0	0.0144927536232	0.0	0.0	0.111111111111	0.0	0.0289855072464
0.703786191537	0.233853006682	0.0133630289532	0.0	0.011135857461	0.00445434298441	0.0022271714922	0.00445434298441	0.0133630289532	0.00668151447661
0.217391304348	0.217391304348	0.0	0.0	0.0	0.0	0.0	0.217391304348	0.0	0.0
0.0	1.0	0.0	0.0	0.0	0.0	0.0	0.0	0.0	0.0
0.00892857142857	0.3125	0.0	0.0	0.3125	0.526785714286	0.0	0.0178571428571	0.133928571429	0.0
0.581497797357	0.356828193833	0.0	0.0	0.0396475770925	0.0	0.0	0.0	0.0	0.00440528634361
0.439024390244	0.487804878049	0.0487804878049	0.0	0.0487804878049	0.0	0.0	0.0	0.0	0.0243902439024
1.0	0.0	0.0	0.0	0.0	0.0	0.0	0.0	0.0	0.0
0.548387096774	0.333333333333	0.0645161290323	0.010752688172	0.0	0.0	0.0	0.0	0.0	0.010752688172
0.0	1.0	0.0	0.0	0.0	0.0	0.0	0.0	0.0	0.0
0.179487179487	0.487179487179	0.0769230769231	0.0	0.230769230769	0.128205128205	0.0	0.0	0.0	0.0512820512821
0.0	0.0	0.0	0.0	0.0	0.5	0.0	0.0	0.5	0.0
0.392857142857	0.178571428571	0.0	0.0	0.0357142857143	0.0	0.0	0.0	0.0	0.0
0.0	0.128571428571	0.0	0.0	0.128571428571	0.742857142857	0.0285714285714	0.1	0.0	0.0
0.892857142857	0.0178571428571	0.0	0.0	0.00892857142857	0.0446428571429	0.0	0.0267857142857	0.0	0.0
0.5	0.5	0.0	0.0	0.0	0.0	0.0	0.0	0.0	0.0
0.0	0.6875	0.0	0.0	0.0	0.0	0.0	0.203125	0.0	0.0625
1.0	0.0	0.0	0.0	0.0	0.0	0.0	0.0	0.0	0.0
0.505338078292	0.320284697509	0.0	0.0	0.0213523131673	0.0	0.0	0.0	0.0640569395018	0.0320284697509
0.5	0.5	0.0	0.0	0.0	0.0	0.0	0.0	0.0	0.0
0.272388059701	0.585820895522	0.00248756218905	0.0	0.0136815920398	0.00124378109453	0.0	0.0460199004975	0.0	0.0733830845771
0.25	0.75	0.0	0.0	0.25	0.0	0.0	0.0	0.0	0.0
0.314285714286	0.628571428571	0.0	0.0	0.0571428571429	0.0	0.0	0.0	0.0	0.0
0.544186046512	0.316279069767	0.0232558139535	0.0	0.0232558139535	0.0	0.0046511627907	0.0	0.0046511627907	0.0
0.533333333333	0.266666666667	0.0	0.0	0.0	0.0	0.0	0.0	0.0666666666667	0.0
0.0789473684211	0.657894736842	0.0	0.0	0.0	0.0	0.0	0.0526315789474	0.0	0.0526315789474
0.566326530612	0.265306122449	0.00510204081633	0.0	0.00510204081633	0.0	0.0	0.0	0.0	0.00510204081633
0.518987341772	0.26582278481	0.0189873417722	0.0	0.0569620253165	0.0696202531646	0.0	0.0506329113924	0.0	0.0379746835443
0.697368421053	0.282894736842	0.0	0.0	0.0526315789474	0.00657894736842	0.0	0.00657894736842	0.0	0.0
0.0	0.153846153846	0.0	0.0	0.153846153846	0.538461538462	0.0769230769231	0.153846153846	0.0	0.0
0.131147540984	0.180327868852	0.114754098361	0.0	0.0655737704918	0.0	0.0	0.0491803278689	0.016393442623	0.00819672131148
0.333333333333	0.333333333333	0.0	0.0	0.0	0.0	0.0	0.0	0.0	0.0
0.690476190476	0.261904761905	0.0	0.0	0.0238095238095	0.0	0.0	0.0238095238095	0.0	0.0
0.137931034483	0.448275862069	0.0	0.0	0.137931034483	0.379310344828	0.0	0.0	0.0	0.0
0.506578947368	0.383771929825	0.0	0.0	0.00438596491228	0.0	0.0	0.0	0.0	0.0394736842105
0.621212121212	0.171717171717	0.0	0.0	0.010101010101	0.19696969697	0.0	0.0	0.0	0.0
0.753424657534	0.0684931506849	0.0547945205479	0.0	0.0	0.0	0.0	0.0547945205479	0.013698630137	0.013698630137
0.0	0.0	0.0	0.0	0.0	0.0	0.0	0.0	0.0	0.0
0.423076923077	0.461538461538	0.0384615384615	0.0	0.0	0.0	0.0	0.0	0.0	0.0384615384615
0.704081632653	0.244897959184	0.0	0.0	0.0102040816327	0.0	0.0102040816327	0.0	0.0	0.0204081632653
0.590909090909	0.215909090909	0.0113636363636	0.0	0.0	0.0113636363636	0.0	0.0	0.0	0.0
0.6	0.4	0.0	0.0	0.0	0.0	0.0	0.0	0.0	0.0
0.432258064516	0.567741935484	0.0	0.0	0.0322580645161	0.0	0.0	0.0	0.0	0.0
0.25	0.25	0.0	0.0	0.0	0.0	0.0	0.25	0.0	0.0
0.450381679389	0.480916030534	0.0	0.0	0.0610687022901	0.0	0.0	0.00763358778626	0.0	0.0458015267176
0.00613496932515	0.699386503067	0.0	0.0	0.00613496932515	0.0	0.0	0.0245398773006	0.0674846625767	0.0
0.0	0.0	0.0	0.0	0.0	0.0	0.0	0.0	0.0	0.0
0.75	0.15	0.0	0.0	0.0	0.0	0.0	0.0	0.0	0.0
0.364035087719	0.320175438596	0.00438596491228	0.0	0.0833333333333	0.258771929825	0.0	0.00438596491228	0.0	0.00438596491228
0.25	0.75	0.0	0.0	0.0	0.0	0.0	0.0	0.0	0.0
0.5	0.4140625	0.0	0.0	0.046875	0.0	0.0	0.0	0.0	0.03515625
0.534606205251	0.403341288783	0.0	0.0	0.0692124105012	0.0	0.0	0.0	0.0	0.0143198090692
0.730496453901	0.184397163121	0.00709219858156	0.0	0.0	0.0	0.0	0.00472813238771	0.00236406619385	0.00945626477541
0.44502617801	0.293193717277	0.0732984293194	0.0	0.0157068062827	0.0	0.0	0.0261780104712	0.0	0.0261780104712
0.6875	0.109375	0.0	0.0	0.015625	0.03125	0.015625	0.046875	0.09375	0.0
0.611764705882	0.341176470588	0.0235294117647	0.0	0.0470588235294	0.0117647058824	0.0	0.0	0.0117647058824	0.0
0.76	0.176	0.0	0.0	0.016	0.0	0.0	0.036	0.0	0.004
0.0	0.0	0.0	0.0	0.0	0.0	0.0	0.5	0.0	0.0
0.782608695652	0.188405797101	0.0	0.0	0.0289855072464	0.0	0.0	0.0	0.0	0.0
0.616632860041	0.275862068966	0.0121703853955	0.0	0.0709939148073	0.0	0.00202839756592	0.00202839756592	0.0121703853955	0.0162271805274
0.529411764706	0.176470588235	0.0	0.0	0.117647058824	0.0	0.0	0.176470588235	0.0	0.0588235294118
0.767605633803	0.204225352113	0.0	0.0	0.00704225352113	0.0	0.0	0.0	0.0	0.0
0.439306358382	0.341040462428	0.0173410404624	0.0	0.0809248554913	0.0	0.0	0.00770712909441	0.0019267822736	0.0231213872832
0.648514851485	0.257425742574	0.0	0.0	0.0	0.0049504950495	0.0	0.029702970297	0.0	0.0544554455446
0.823275862069	0.0603448275862	0.00431034482759	0.0	0.0172413793103	0.0129310344828	0.0	0.0474137931034	0.0129310344828	0.0129310344828
0.54128440367	0.344036697248	0.0	0.0	0.0045871559633	0.0045871559633	0.0045871559633	0.0	0.0183486238532	0.0137614678899
0.0	1.0	0.0	0.0	0.0	0.0	0.0	0.0	0.0	0.0
0.5	0.333333333333	0.0	0.0	0.333333333333	0.166666666667	0.0	0.0	0.0	0.0
0.0	0.0	0.0	0.0	0.0	0.0	0.0	1.0	0.0	0.0
0.0	0.25	0.0	0.0	0.0	0.0	0.0	0.25	0.25	0.25
0.390625	0.046875	0.015625	0.0	0.046875	0.03125	0.015625	0.234375	0.21875	0.0
0.153846153846	0.410256410256	0.0	0.0	0.0	0.307692307692	0.0	0.0512820512821	0.025641025641	0.0
0.609137055838	0.314720812183	0.0	0.0	0.0203045685279	0.00507614213198	0.0	0.0	0.00507614213198	0.010152284264
0.333333333333	0.333333333333	0.0	0.0	0.0	0.0	0.0	0.0	0.0	0.0
0.709677419355	0.0806451612903	0.0	0.0	0.0161290322581	0.0322580645161	0.0161290322581	0.0	0.0967741935484	0.0
0.0	1.0	0.0	0.0	0.0	0.0	0.0	0.0	0.0	0.0
0.0	0.5	0.0	0.0	0.0	0.0	0.0	0.0	0.0	0.5
0.524046434494	0.41127694859	0.0	0.0	0.0928689883914	0.0	0.0	0.0016583747927	0.00497512437811	0.0265339966833
0.333333333333	0.5	0.0	0.0	0.166666666667	0.0	0.0	0.0	0.0	0.0
0.037037037037	0.814814814815	0.0	0.0	0.0	0.037037037037	0.0	0.0	0.0	0.111111111111
0.555555555556	0.333333333333	0.0	0.0	0.00542005420054	0.0135501355014	0.0	0.0	0.0	0.0216802168022
0.5	0.0	0.0	0.0	0.0	0.0	0.0	0.0	0.25	0.0
0.521739130435	0.458937198068	0.0	0.0	0.0193236714976	0.0	0.0	0.0048309178744	0.0	0.00966183574879
0.355828220859	0.478527607362	0.0245398773006	0.0368098159509	0.0	0.0	0.0	0.0	0.0	0.0122699386503
0.69	0.27	0.015	0.0	0.0	0.0	0.0	0.0	0.0	0.005
0.483561643836	0.306849315068	0.0342465753425	0.0	0.0150684931507	0.0041095890411	0.0	0.0	0.0	0.00821917808219
0.675392670157	0.219895287958	0.0	0.0	0.0261780104712	0.0104712041885	0.0	0.0104712041885	0.00523560209424	0.00523560209424
0.280575539568	0.676258992806	0.0	0.0	0.0143884892086	0.0	0.0	0.0	0.0	0.0215827338129
0.333333333333	0.222222222222	0.0	0.0	0.0	0.0	0.0	0.0	0.0	0.222222222222
0.760975609756	0.126829268293	0.0	0.0	0.0	0.0	0.0	0.0	0.00975609756098	0.00487804878049
0.548387096774	0.364055299539	0.0	0.0	0.10599078341	0.0138248847926	0.0	0.00460829493088	0.0	0.0322580645161
0.0144927536232	0.0289855072464	0.0	0.0	0.0144927536232	0.521739130435	0.0	0.159420289855	0.0869565217391	0.0
0.307692307692	0.307692307692	0.0	0.0	0.0	0.0	0.0	0.0769230769231	0.0	0.0769230769231
0.388888888889	0.444444444444	0.037037037037	0.0	0.037037037037	0.0	0.0	0.0	0.0	0.0185185185185
0.333333333333	0.666666666667	0.0	0.0	0.0	0.0	0.0	0.0	0.0	0.0
0.205882352941	0.558823529412	0.0294117647059	0.0	0.0588235294118	0.0294117647059	0.0	0.0	0.0	0.0
0.5	0.0	0.0	0.0	0.0	0.0	0.0	0.0	0.0	0.5
0.518518518519	0.44708994709	0.0	0.0	0.015873015873	0.0	0.0	0.0	0.0	0.021164021164
0.264705882353	0.676470588235	0.0	0.0	0.0588235294118	0.0	0.0	0.0	0.0	0.0
0.483173076923	0.360576923077	0.00961538461538	0.0	0.0456730769231	0.00240384615385	0.0	0.00721153846154	0.0	0.0264423076923
0.188405797101	0.338164251208	0.0	0.0	0.0531400966184	0.0	0.0	0.164251207729	0.0	0.309178743961
0.608108108108	0.27027027027	0.0135135135135	0.0	0.0405405405405	0.0	0.0	0.0	0.0	0.027027027027
0.25	0.75	0.0	0.0	0.0	0.0	0.0	0.0	0.0	0.0
0.534810126582	0.398734177215	0.00632911392405	0.0	0.00316455696203	0.0	0.00316455696203	0.0	0.0	0.0221518987342
0.561290322581	0.4	0.0	0.0	0.0193548387097	0.0	0.0	0.0	0.00645161290323	0.0193548387097
0.633802816901	0.281690140845	0.0	0.0	0.0140845070423	0.0140845070423	0.0	0.0281690140845	0.0	0.0
0.792452830189	0.169811320755	0.00943396226415	0.0	0.0	0.0	0.0	0.0	0.0	0.0188679245283
0.272727272727	0.545454545455	0.0	0.0	0.0	0.0	0.0	0.0	0.0909090909091	0.0909090909091
0.333333333333	0.444444444444	0.0	0.0	0.0	0.111111111111	0.0	0.0	0.0	0.111111111111
0.0	1.0	0.0	0.0	0.0	0.0	0.0	0.0	0.0	0.0
0.0	0.0	0.0	0.0	0.0	0.0	0.0	0.0	0.0	0.0
0.62015503876	0.193798449612	0.0	0.0	0.031007751938	0.124031007752	0.0	0.0232558139535	0.0	0.0
0.473846153846	0.406153846154	0.0338461538462	0.0	0.0246153846154	0.0	0.0	0.0	0.0	0.0276923076923
0.741134751773	0.230496453901	0.00354609929078	0.0	0.0283687943262	0.0	0.0	0.0	0.0	0.0141843971631
0.613333333333	0.266666666667	0.0	0.0	0.00888888888889	0.0488888888889	0.00444444444444	0.0	0.0	0.04
0.814285714286	0.142857142857	0.0	0.0	0.0	0.0	0.0	0.0	0.0	0.0285714285714
0.0	0.666666666667	0.0	0.0	0.0	0.0	0.0	0.0	0.333333333333	0.0
0.703703703704	0.111111111111	0.0	0.0	0.037037037037	0.0	0.0	0.0	0.0	0.111111111111
0.2	0.0	0.0	0.0	0.0	0.0	0.4	0.0	0.0	0.0
0.708333333333	0.125	0.0	0.0	0.0	0.0	0.0	0.0416666666667	0.0	0.125
0.666666666667	0.0	0.0	0.0	0.0	0.0	0.0	0.0	0.0	0.333333333333
0.166666666667	0.5	0.0	0.0	0.0	0.0	0.0	0.0	0.0	0.0
0.289473684211	0.552631578947	0.0	0.0	0.131578947368	0.0	0.0	0.0263157894737	0.0	0.0
0.592476489028	0.163009404389	0.00313479623824	0.0	0.0282131661442	0.0626959247649	0.00313479623824	0.00940438871473	0.00626959247649	0.0
0.834437086093	0.0728476821192	0.0	0.0	0.00662251655629	0.00662251655629	0.0	0.0132450331126	0.0	0.00662251655629
0.658536585366	0.243902439024	0.0	0.0	0.130081300813	0.0	0.0	0.0325203252033	0.00813008130081	0.0
0.730769230769	0.163461538462	0.0	0.0	0.0192307692308	0.00961538461538	0.0	0.0192307692308	0.0	0.00961538461538
0.653409090909	0.289772727273	0.0227272727273	0.0	0.0	0.0	0.0	0.0	0.0	0.0113636363636
0.748466257669	0.177914110429	0.0	0.0	0.0245398773006	0.0	0.00613496932515	0.0429447852761	0.0	0.0
0.545023696682	0.322274881517	0.00947867298578	0.0	0.0473933649289	0.0	0.0	0.00473933649289	0.00473933649289	0.0
0.512820512821	0.42735042735	0.0	0.0	0.102564102564	0.0	0.0	0.017094017094	0.00854700854701	0.0
0.0561797752809	0.606741573034	0.0	0.0	0.292134831461	0.0	0.0	0.112359550562	0.0337078651685	0.0
0.191919191919	0.59595959596	0.0	0.0	0.010101010101	0.0	0.0	0.151515151515	0.0	0.030303030303
0.34693877551	0.0816326530612	0.0	0.0	0.0	0.0	0.0	0.0	0.0	0.265306122449
0.565891472868	0.302325581395	0.0	0.0	0.0232558139535	0.0	0.0	0.0	0.0	0.015503875969
0.5	0.0	0.0	0.0	0.0	0.0	0.0	0.5	0.0	0.0
0.536585365854	0.414634146341	0.0	0.0243902439024	0.0	0.0	0.0	0.0	0.0	0.0243902439024
0.555555555556	0.333333333333	0.0	0.0	0.0	0.0	0.0	0.111111111111	0.0	0.0
0.607142857143	0.196428571429	0.0	0.0	0.0	0.0	0.0	0.196428571429	0.0	0.0
0.5	0.5	0.0	0.0	0.0	0.0	0.0	0.0	0.0	0.0
0.666666666667	0.166666666667	0.0	0.0	0.0	0.0	0.0	0.0	0.0	0.0
0.660377358491	0.301886792453	0.0	0.0	0.0	0.0	0.0	0.0	0.0	0.0
0.879120879121	0.010989010989	0.0	0.0	0.0	0.0	0.0	0.0989010989011	0.0	0.0
0.764705882353	0.183006535948	0.0	0.0	0.0359477124183	0.0	0.0	0.0490196078431	0.0	0.00326797385621
0.623529411765	0.329411764706	0.0	0.0	0.0352941176471	0.0117647058824	0.0	0.0	0.0	0.0117647058824
0.4	0.533333333333	0.0	0.0	0.0	0.0	0.0	0.0	0.0	0.0666666666667
0.672413793103	0.203448275862	0.0	0.0	0.00344827586207	0.0	0.0	0.00344827586207	0.0	0.00344827586207
0.518518518519	0.148148148148	0.037037037037	0.0	0.037037037037	0.0	0.0	0.0	0.0	0.0
0.0	0.777777777778	0.111111111111	0.0	0.111111111111	0.0	0.0	0.0	0.0	0.111111111111
0.539215686275	0.372549019608	0.00980392156863	0.0	0.0392156862745	0.00980392156863	0.0	0.0	0.0	0.0196078431373
0.666666666667	0.333333333333	0.0	0.0	0.0	0.0	0.0	0.0	0.0	0.0
0.745614035088	0.19298245614	0.0	0.0	0.0	0.0	0.0	0.0	0.00877192982456	0.0
0.2	0.4	0.0	0.0	0.0	0.0	0.0	0.0	0.0	0.2
1.0	0.0	0.0	0.0	0.0	0.0	0.0	0.0	0.0	0.0
1.0	0.0	0.0	0.0	0.0	0.0	0.0	0.0	0.0	0.0
0.82	0.14	0.0	0.0	0.0	0.0	0.0	0.0	0.0	0.0
0.663157894737	0.215789473684	0.0	0.0	0.0157894736842	0.0	0.0	0.00263157894737	0.0	0.00789473684211
0.457227138643	0.442477876106	0.0501474926254	0.0	0.0560471976401	0.0	0.0	0.0	0.0	0.00884955752212
0.603550295858	0.224852071006	0.0236686390533	0.0	0.136094674556	0.0384615384615	0.0	0.0	0.0177514792899	0.00591715976331
0.5	0.5	0.0	0.0	0.0	0.0	0.0	0.0	0.0	0.0
0.2	0.4	0.0	0.0	0.2	0.0	0.0	0.0	0.2	0.0
0.666666666667	0.0909090909091	0.0	0.0	0.010101010101	0.0707070707071	0.0	0.0	0.010101010101	0.010101010101
0.5	0.5	0.0	0.0	0.0	0.0	0.0	0.0	0.0	0.0
0.78431372549	0.176470588235	0.0	0.0	0.0	0.0	0.0	0.0	0.0	0.0196078431373
0.0833333333333	0.333333333333	0.0	0.0	0.333333333333	0.416666666667	0.0	0.0	0.0833333333333	0.0
0.0	0.333333333333	0.0	0.0	0.333333333333	0.333333333333	0.0	0.333333333333	0.0	0.0
0.774509803922	0.166666666667	0.0	0.0	0.0196078431373	0.0	0.0	0.0	0.00980392156863	0.0
0.548076923077	0.216346153846	0.0	0.0	0.0192307692308	0.00480769230769	0.0	0.0	0.0	0.0432692307692
0.701657458564	0.237569060773	0.0	0.0	0.0220994475138	0.0	0.0	0.0276243093923	0.0	0.0
0.767295597484	0.163522012579	0.0188679245283	0.0	0.0188679245283	0.0062893081761	0.0	0.0	0.0	0.0251572327044
0.0	0.0	0.0	0.0	0.0	0.5625	0.0	0.0	0.125	0.0
0.0	0.0	0.0	0.0	0.0	0.0	0.0	0.0	1.0	0.0
0.0	0.166666666667	0.0	0.0	0.0	0.333333333333	0.0	0.333333333333	0.0	0.0
0.0	0.5	0.0	0.0	0.0	0.0	0.0	0.5	0.0	0.0
0.421052631579	0.245614035088	0.0	0.0	0.175438596491	0.105263157895	0.0	0.140350877193	0.0175438596491	0.0
0.34126984127	0.261904761905	0.0	0.0	0.0793650793651	0.190476190476	0.0	0.0396825396825	0.00793650793651	0.0
0.481481481481	0.333333333333	0.0	0.0	0.0	0.0	0.0	0.111111111111	0.0555555555556	0.0185185185185
0.357142857143	0.571428571429	0.0	0.0	0.0	0.0	0.0	0.0714285714286	0.0	0.0
0.748502994012	0.179640718563	0.0119760479042	0.0	0.0299401197605	0.0	0.0	0.0	0.0	0.0
0.516666666667	0.266666666667	0.0	0.0	0.05	0.05	0.05	0.0166666666667	0.0	0.0
0.4	0.5	0.0	0.0	0.0	0.0	0.0	0.0	0.0	0.0
0.411764705882	0.470588235294	0.0	0.0	0.0352941176471	0.0	0.0	0.0235294117647	0.0	0.0117647058824
0.583333333333	0.0416666666667	0.0	0.0	0.0	0.0	0.0	0.0	0.333333333333	0.0
0.488	0.36	0.008	0.0	0.0	0.008	0.0	0.072	0.032	0.0
0.337164750958	0.459770114943	0.00766283524904	0.0	0.0229885057471	0.0	0.0	0.00383141762452	0.0	0.0153256704981
0.333333333333	0.666666666667	0.0	0.0	0.0	0.0	0.0	0.0	0.0	0.0
0.476923076923	0.323076923077	0.0	0.0	0.0153846153846	0.0	0.0	0.0	0.0	0.138461538462
0.601941747573	0.349514563107	0.0	0.0	0.0485436893204	0.00970873786408	0.0	0.0	0.0	0.0388349514563
0.434210526316	0.140350877193	0.0	0.0	0.0964912280702	0.289473684211	0.0	0.0	0.00438596491228	0.0
0.618357487923	0.173913043478	0.0	0.0	0.0772946859903	0.0144927536232	0.0	0.0386473429952	0.0048309178744	0.00966183574879
0.31746031746	0.492063492063	0.031746031746	0.00793650793651	0.031746031746	0.0396825396825	0.0238095238095	0.0	0.00793650793651	0.0396825396825
0.0909090909091	0.909090909091	0.0	0.0	0.030303030303	0.0	0.0	0.0	0.0	0.0
0.179487179487	0.538461538462	0.025641025641	0.0	0.025641025641	0.0	0.0	0.0	0.0	0.119658119658
0.0	1.0	0.0	0.0	0.0	0.0	0.0	0.0	0.0	0.0
1.0	0.0	0.0	0.0	0.0	0.0	0.0	0.0	0.0	0.0
0.291666666667	0.541666666667	0.0	0.0	0.0	0.145833333333	0.0	0.0	0.0	0.0
0.0	0.0	1.0	0.0	0.0	0.0	0.0	0.0	0.0	0.0
1.0	0.0	0.0	0.0	0.0	0.0	0.0	0.0	0.0	0.0
0.25	0.0	0.25	0.0	0.0	0.0	0.0	0.0	0.0	0.0
1.0	0.0	0.0	0.0	0.0	0.0	0.0	0.0	0.0	0.0
0.133333333333	0.333333333333	0.0666666666667	0.0	0.0	0.0	0.0	0.2	0.0	0.0
0.282051282051	0.487179487179	0.0769230769231	0.0	0.025641025641	0.0	0.0	0.0	0.0	0.0
0.5	0.0	0.0	0.0	0.0	0.0	0.0	0.0	0.0	0.0
0.381818181818	0.254545454545	0.0	0.0	0.0	0.0	0.0	0.0181818181818	0.0	0.236363636364
0.0	0.3	0.0	0.0	0.2	0.1	0.0	0.0	0.0	0.2
0.1	0.586666666667	0.26	0.0	0.0266666666667	0.0	0.0	0.0	0.0	0.0266666666667
0.0	0.0	0.0	0.0	0.0	1.0	0.0	0.0	0.0	0.0
0.163157894737	0.505263157895	0.0157894736842	0.0	0.0736842105263	0.194736842105	0.0	0.00526315789474	0.0	0.0210526315789
0.228	0.568	0.16	0.0	0.008	0.0	0.0	0.0	0.0	0.024
0.0	0.0	1.0	0.0	0.0	0.0	0.0	0.0	0.0	0.0
0.466666666667	0.5	0.0	0.0	0.0	0.0	0.0	0.0	0.0	0.0
0.0	1.0	0.0	0.0	0.0	0.0	0.0	0.0	0.0	0.0
0.0	0.5	0.0	0.0	0.0	0.0	0.0	0.0	0.0	0.5
0.285714285714	0.0238095238095	0.0	0.0	0.0	0.0	0.0	0.0	0.0	0.0
0.0	1.0	0.0	0.0	0.0	0.0	0.0	0.0	0.0	0.0
0.166666666667	0.0833333333333	0.0	0.0	0.0	0.666666666667	0.0	0.0	0.0	0.0
1.0	0.0	0.0	0.0	0.0	0.0	0.0	0.0	0.0	0.0
0.272727272727	0.393939393939	0.0	0.0	0.0606060606061	0.0909090909091	0.0	0.0	0.0	0.151515151515
0.22972972973	0.243243243243	0.027027027027	0.0	0.0540540540541	0.0	0.0	0.0	0.0	0.0135135135135
0.0	0.625	0.375	0.0	0.0	0.0	0.0	0.0	0.0	0.0
0.0	0.0	0.0	0.0	0.0	1.0	0.0	0.0	0.0	0.0
0.333333333333	0.361111111111	0.0277777777778	0.0	0.111111111111	0.111111111111	0.0	0.0	0.0	0.0
0.0285714285714	0.0285714285714	0.228571428571	0.0	0.0	0.0	0.0	0.0857142857143	0.0	0.0
0.00869565217391	0.0130434782609	0.0608695652174	0.0	0.0	0.0	0.00217391304348	0.497826086957	0.00434782608696	0.0
0.675675675676	0.243243243243	0.0	0.0	0.0	0.0	0.0	0.0540540540541	0.0	0.027027027027
0.5	0.125	0.0	0.0	0.0	0.0	0.0	0.375	0.0	0.0
0.0	0.581395348837	0.0	0.0	0.0232558139535	0.0	0.0	0.0	0.0	0.372093023256
0.705882352941	0.235294117647	0.0	0.0	0.0	0.0	0.0	0.0	0.0	0.0
0.333333333333	0.0	0.0	0.0	0.0	0.0	0.0	0.0	0.666666666667	0.0
0.3	0.3	0.0	0.0	0.0	0.0	0.0	0.1	0.2	0.1
0.782608695652	0.0869565217391	0.0	0.0	0.0	0.0	0.0	0.0	0.0	0.0
0.441176470588	0.117647058824	0.0	0.0	0.0882352941176	0.0	0.0	0.0588235294118	0.176470588235	0.0
0.466666666667	0.333333333333	0.0	0.0	0.0	0.0	0.0	0.0	0.0	0.0
0.0	0.714285714286	0.0	0.0	0.0	0.0	0.0	0.285714285714	0.0	0.0
0.722222222222	0.277777777778	0.0	0.0	0.0	0.0	0.0	0.0	0.0	0.0
1.0	0.0	0.0	0.0	0.0	0.0	0.0	0.0	0.0	0.0
0.188679245283	0.462264150943	0.103773584906	0.0	0.0188679245283	0.00943396226415	0.0	0.0	0.0	0.00943396226415
0.0	0.5	0.0	0.0	0.0	0.0	0.0	0.0	0.0	0.0
0.823529411765	0.117647058824	0.0	0.0	0.0	0.0	0.0	0.0	0.0	0.0
0.714285714286	0.285714285714	0.0	0.0	0.0	0.0	0.0	0.0	0.0	0.0
0.833333333333	0.0	0.0	0.0	0.0	0.0	0.0	0.0	0.0	0.0
0.888888888889	0.111111111111	0.0	0.0	0.0	0.0	0.0	0.0	0.0	0.0
0.909090909091	0.0909090909091	0.0	0.0	0.0	0.0	0.0	0.0	0.0	0.0
0.307692307692	0.0	0.0	0.0	0.0	0.0	0.0	0.615384615385	0.0769230769231	0.0
0.0	0.0	0.0	0.0	0.0	0.0	0.0	0.0	0.0	0.0
0.35	0.4	0.05	0.0	0.1	0.025	0.0	0.0	0.0	0.05
0.555555555556	0.444444444444	0.0	0.0	0.111111111111	0.0	0.0	0.0	0.0	0.0
0.5	0.5	0.0	0.0	0.0	0.0	0.0	0.0	0.0	0.0
0.846153846154	0.153846153846	0.0	0.0	0.0	0.0	0.0	0.0	0.0	0.0
0.789473684211	0.157894736842	0.0	0.0	0.0	0.0	0.0	0.0	0.0	0.0
0.333333333333	0.166666666667	0.0	0.0	0.0	0.0	0.0	0.0	0.0	0.0
0.7	0.3	0.0	0.0	0.0	0.0	0.0	0.0	0.0	0.0
1.0	0.0	0.0	0.0	0.0	0.0	0.0	0.0	0.0	0.0
0.590909090909	0.272727272727	0.0	0.0	0.0454545454545	0.0	0.0	0.0	0.0	0.0
0.75	0.125	0.0	0.0	0.0	0.125	0.0	0.0	0.0	0.0
0.0	0.0	0.0	0.0	0.0	0.0	0.0	1.0	0.0	0.0
0.2	0.2	0.0	0.0	0.0	0.0	0.0	0.6	0.0	0.0
0.0	0.0	0.0	0.0	0.0	0.0	0.0	0.0	1.0	0.0
1.0	0.0	0.0	0.0	0.0	0.0	0.0	0.0	0.0	0.0
0.105769230769	0.509615384615	0.355769230769	0.0	0.0	0.0	0.0	0.0	0.0	0.0
0.553191489362	0.191489361702	0.0	0.0	0.0425531914894	0.170212765957	0.0	0.0212765957447	0.0	0.0
0.571428571429	0.0714285714286	0.0	0.0	0.0714285714286	0.0	0.0	0.285714285714	0.0714285714286	0.0
0.0	0.0	0.0	0.0	0.0	0.0	0.0	0.0	0.0	0.0
0.0	0.5	0.0	0.0	0.0	0.0	0.5	0.0	0.0	0.0
0.8	0.2	0.0	0.0	0.0	0.0	0.0	0.0	0.0	0.0
0.333333333333	0.666666666667	0.0	0.0	0.0	0.0	0.0	0.0	0.0	0.0
0.627906976744	0.209302325581	0.0232558139535	0.0	0.0232558139535	0.0	0.0	0.0	0.0	0.0
0.923076923077	0.0769230769231	0.0	0.0	0.0	0.0	0.0	0.0	0.0	0.0
0.30985915493	0.647887323944	0.0	0.0	0.12676056338	0.0	0.0	0.0	0.0	0.0352112676056
0.5	0.166666666667	0.0	0.0	0.166666666667	0.166666666667	0.0	0.0	0.0	0.0
0.292682926829	0.219512195122	0.0	0.0243902439024	0.0	0.0	0.0	0.365853658537	0.0	0.0
0.590909090909	0.272727272727	0.0454545454545	0.0	0.0909090909091	0.0	0.0	0.0909090909091	0.0	0.0
0.333333333333	0.5	0.0	0.0	0.0	0.0	0.0	0.166666666667	0.0	0.0
0.75	0.166666666667	0.0	0.0	0.0	0.0	0.0	0.0	0.0	0.0833333333333
0.8	0.2	0.0	0.0	0.0	0.0	0.0	0.0	0.0	0.0
0.4	0.5	0.0	0.0	0.0666666666667	0.0	0.0	0.0	0.0	0.0333333333333
0.8	0.0	0.0	0.0	0.0	0.0	0.0	0.0	0.0	0.0
0.666666666667	0.333333333333	0.0	0.0	0.0	0.0	0.0	0.0	0.0	0.0
0.172413793103	0.275862068966	0.0	0.0	0.114942528736	0.413793103448	0.0	0.0574712643678	0.0	0.0
0.6	0.0	0.0	0.0	0.0	0.0	0.0	0.2	0.0	0.0
0.0	0.0	0.0	0.0	0.0	0.0	0.0	0.0	1.0	0.0
0.733333333333	0.166666666667	0.0	0.0	0.0166666666667	0.0	0.0	0.0333333333333	0.0166666666667	0.0
0.857142857143	0.142857142857	0.0	0.0	0.0	0.0	0.0	0.0	0.0	0.0
0.0	1.0	0.0	0.0	0.0	0.0	0.0	0.0	0.0	0.0
1.0	0.0	0.0	0.0	0.0	0.0	0.0	0.0	0.0	0.0
0.44	0.36	0.0	0.0	0.08	0.0	0.0	0.08	0.0	0.0
0.0	0.0	0.0	0.0	0.0	0.0	0.0	0.5	0.5	0.0
0.642857142857	0.285714285714	0.0	0.0	0.0	0.0	0.0	0.0	0.0	0.0
0.184210526316	0.578947368421	0.0526315789474	0.0	0.0263157894737	0.0	0.0	0.0526315789474	0.0	0.0789473684211
0.222222222222	0.111111111111	0.0	0.0	0.0	0.0	0.0	0.444444444444	0.0	0.0
0.5	0.25	0.0	0.0	0.0	0.0	0.0	0.0	0.0	0.0
0.55	0.35	0.0	0.0	0.05	0.0	0.0	0.0	0.0	0.0
0.666666666667	0.222222222222	0.0	0.0	0.0	0.0	0.0	0.0	0.0	0.0
0.833333333333	0.166666666667	0.0	0.0	0.0	0.0	0.0	0.0	0.0	0.0
0.0	0.0	0.0	0.0	0.0	0.0	0.0	0.0	0.0	0.0
0.5	0.25	0.0	0.0	0.0	0.0	0.0	0.0	0.0	0.0
0.0	0.25	0.333333333333	0.0	0.0833333333333	0.25	0.0	0.0833333333333	0.0	0.0
0.684210526316	0.315789473684	0.0	0.0	0.0	0.0	0.0	0.0	0.0	0.0
0.4	0.4	0.0	0.0	0.0	0.0	0.0	0.2	0.0	0.0
0.75	0.25	0.0	0.0	0.0	0.0	0.0	0.0	0.0	0.0
0.3	0.2	0.0	0.0	0.0	0.0	0.0	0.2	0.0	0.0
0.845070422535	0.140845070423	0.0	0.0	0.0	0.0	0.0	0.0	0.0140845070423	0.0
0.0	0.842105263158	0.0	0.0	0.0526315789474	0.0	0.0	0.0526315789474	0.0	0.105263157895
1.0	0.0	0.0	0.0	0.0	0.0	0.0	0.0	0.0	0.0
0.6	0.3	0.0	0.0	0.0	0.0	0.0	0.0	0.0	0.0
0.5	0.5	0.0	0.0	0.0	0.0	0.0	0.0	0.0	0.0
0.188340807175	0.762331838565	0.0	0.0	0.0403587443946	0.00896860986547	0.0	0.0	0.00448430493274	0.00896860986547
1.0	0.0	0.0	0.0	0.0	0.0	0.0	0.0	0.0	0.0
1.0	0.0	0.0	0.0	0.0	0.0	0.0	0.0	0.0	0.0
0.857142857143	0.142857142857	0.0	0.0	0.0	0.0	0.0	0.0	0.0	0.0
0.666666666667	0.0	0.0	0.0	0.0	0.0	0.0	0.333333333333	0.0	0.0
0.727272727273	0.0909090909091	0.0	0.0	0.0909090909091	0.0909090909091	0.0	0.0	0.0	0.0
0.0	0.25	0.125	0.0	0.0	0.0	0.0	0.5	0.125	0.0
0.0	0.666666666667	0.0	0.0	0.0	0.0	0.0	0.333333333333	0.0	0.0
0.125	0.25	0.0	0.0	0.125	0.0	0.0	0.0	0.125	0.0
0.0	0.666666666667	0.0	0.0	0.0833333333333	0.0	0.0	0.25	0.0833333333333	0.0
0.7	0.15	0.0	0.0	0.0	0.0	0.0	0.0	0.0	0.0
0.5	0.461538461538	0.0	0.0	0.0	0.0	0.0	0.0	0.0384615384615	0.0
0.764705882353	0.235294117647	0.0	0.0	0.0588235294118	0.0	0.0	0.0	0.0	0.0
0.6	0.3	0.0	0.0	0.0	0.1	0.0	0.0	0.0	0.0
0.179487179487	0.692307692308	0.0	0.0	0.410256410256	0.0	0.0	0.0	0.0	0.025641025641
0.756756756757	0.135135135135	0.0	0.0	0.0	0.0	0.0	0.0	0.0540540540541	0.0
0.0	1.0	0.0	0.0	0.0	0.0	0.0	0.0	0.0	0.0
0.25	0.25	0.0	0.0	0.0	0.0	0.0	0.0	0.0	0.0
0.0	0.0	0.0	0.0	0.0	0.0	0.0	0.0	0.0	0.0
0.705882352941	0.176470588235	0.0	0.0	0.0	0.0	0.0	0.117647058824	0.0	0.0
1.0	0.0	0.0	0.0	0.0	0.0	0.0	0.0	0.0	0.0
0.6	0.0	0.0	0.0	0.0	0.0	0.0	0.0	0.0	0.0
0.657142857143	0.228571428571	0.0	0.0	0.0	0.0	0.0	0.0285714285714	0.0	0.0
0.714285714286	0.285714285714	0.0	0.0	0.0	0.0	0.0	0.0	0.0	0.0
0.2	0.0	0.0	0.0	0.0	0.0	0.0	0.8	0.0	0.0
0.296296296296	0.37037037037	0.0740740740741	0.0	0.0	0.0	0.0	0.0	0.0	0.148148148148
0.361111111111	0.527777777778	0.0	0.0	0.0	0.0277777777778	0.0	0.0	0.0	0.0
0.375	0.0	0.0	0.0	0.0	0.125	0.0	0.5	0.0	0.0
0.5	0.0	0.0	0.0	0.0	0.0	0.0	0.5	0.0	0.0
0.714285714286	0.0	0.0	0.0	0.0	0.0	0.0	0.0	0.142857142857	0.142857142857
0.333333333333	0.666666666667	0.0	0.0	0.0	0.0	0.0	0.0	0.0	0.0
0.727272727273	0.0909090909091	0.0	0.0	0.0909090909091	0.0909090909091	0.0	0.0	0.0909090909091	0.0
0.75	0.25	0.0	0.0	0.0	0.0	0.0	0.0	0.0	0.0
0.1875	0.4375	0.0	0.0	0.0625	0.125	0.0	0.0	0.0	0.0625
0.489361702128	0.255319148936	0.0	0.0	0.0212765957447	0.0	0.0	0.106382978723	0.0	0.0
1.0	0.0	0.0	0.0	0.0	0.0	0.0	0.0	0.0	0.0
1.0	0.0	0.0	0.0	0.0	0.0	0.0	0.0	0.0	0.0
0.666666666667	0.296296296296	0.037037037037	0.0	0.037037037037	0.0	0.0	0.0	0.0	0.0
0.428571428571	0.571428571429	0.0	0.0	0.0	0.0	0.0	0.0	0.0	0.0
0.0714285714286	0.357142857143	0.0714285714286	0.0	0.0	0.0	0.0	0.0	0.0	0.0714285714286
0.129511677282	0.314225053079	0.00424628450106	0.0	0.0276008492569	0.00424628450106	0.0	0.314225053079	0.0212314225053	0.0700636942675
0.857142857143	0.0	0.0	0.0	0.0	0.142857142857	0.0	0.0	0.0	0.0
0.75	0.25	0.0	0.0	0.0	0.0	0.0	0.0	0.0	0.0
0.851851851852	0.0740740740741	0.0	0.0	0.0	0.0	0.0	0.037037037037	0.0	0.037037037037
0.714285714286	0.142857142857	0.142857142857	0.0	0.0	0.0	0.0	0.0	0.0	0.0
0.833333333333	0.166666666667	0.0	0.0	0.0	0.0	0.0	0.0	0.0	0.0
0.692307692308	0.102564102564	0.0	0.0	0.0	0.0	0.0	0.0	0.0	0.0
0.4	0.2	0.0	0.0	0.0	0.0	0.0	0.2	0.0	0.2
0.275862068966	0.637931034483	0.0172413793103	0.0	0.155172413793	0.0172413793103	0.0	0.0172413793103	0.0	0.0172413793103
0.5	0.25	0.0	0.0	0.0	0.25	0.0	0.0	0.0	0.0
0.707865168539	0.168539325843	0.0	0.0	0.0112359550562	0.0	0.0	0.0	0.0	0.0112359550562
0.357142857143	0.428571428571	0.0	0.0	0.0	0.0	0.0	0.142857142857	0.0	0.0
0.8	0.2	0.0	0.0	0.0	0.0	0.0	0.0	0.0	0.0
0.71875	0.1875	0.0	0.0	0.0	0.0	0.0	0.0	0.03125	0.0
0.533333333333	0.422222222222	0.0	0.0	0.0444444444444	0.0	0.0	0.0	0.0	0.0
0.684210526316	0.236842105263	0.0	0.0	0.0263157894737	0.0	0.0	0.0	0.0	0.0
0.0	0.0	0.5	0.0	0.0	0.0	0.0	0.0	0.0	0.0
0.0	0.0	0.0	1.0	0.0	0.0	0.0	0.0	0.0	0.0
0.146853146853	0.58041958042	0.013986013986	0.111888111888	0.013986013986	0.00699300699301	0.0	0.0	0.0	0.0559440559441
0.0	0.0	0.0	0.0	0.0	0.0	0.0	1.0	0.0	0.0
0.736842105263	0.157894736842	0.0	0.0	0.0	0.0	0.0	0.0	0.0	0.0
0.833333333333	0.166666666667	0.0	0.0	0.0	0.0	0.0	0.0	0.0	0.0
0.0	1.0	0.0	0.0	0.0	0.0	0.0	0.0	0.0	0.0
0.6	0.2	0.0	0.0	0.04	0.16	0.0	0.0	0.0	0.0
0.456140350877	0.122807017544	0.0	0.0	0.0	0.0	0.0	0.385964912281	0.0	0.0175438596491
0.5	0.375	0.0	0.0	0.0	0.0	0.0	0.0	0.0	0.125
0.272727272727	0.590909090909	0.0454545454545	0.0	0.227272727273	0.0	0.0	0.0	0.0	0.0
0.0	0.4	0.0	0.0	0.0	0.6	0.0	0.0	0.0	0.0
0.8	0.2	0.0	0.0	0.0	0.0	0.0	0.0	0.0	0.0
0.761904761905	0.238095238095	0.0	0.0	0.0	0.0	0.0	0.0	0.0	0.0
1.0	0.0	0.0	0.0	0.0	0.0	0.0	0.0	0.0	0.0
0.545454545455	0.318181818182	0.0	0.0	0.0	0.0	0.0	0.0454545454545	0.0	0.0909090909091
0.444444444444	0.333333333333	0.0	0.0	0.0	0.0	0.0	0.0	0.0	0.0555555555556
0.625	0.375	0.0	0.0	0.0	0.0	0.0	0.0	0.0	0.0
0.757575757576	0.212121212121	0.0	0.0	0.0	0.0	0.0	0.030303030303	0.0	0.0
0.4	0.4	0.0	0.0	0.0	0.0	0.0	0.0	0.2	0.0
0.38683127572	0.224279835391	0.00411522633745	0.0	0.0144032921811	0.0185185185185	0.00205761316872	0.255144032922	0.0576131687243	0.0390946502058
0.153846153846	0.615384615385	0.0	0.0	0.0769230769231	0.0769230769231	0.0	0.0769230769231	0.0	0.0769230769231
0.533333333333	0.333333333333	0.0	0.0	0.0	0.0	0.0	0.0	0.0	0.0666666666667
0.833333333333	0.0	0.0	0.0	0.0	0.0	0.0	0.0	0.0	0.166666666667
0.75	0.05	0.0	0.0	0.0	0.2	0.0	0.0	0.0	0.0
0.6	0.233333333333	0.0	0.0	0.0333333333333	0.0	0.0	0.1	0.0	0.0
0.333333333333	0.333333333333	0.0	0.0	0.0	0.0	0.0	0.333333333333	0.0	0.0
0.75	0.25	0.0	0.0	0.0	0.0	0.0	0.0	0.0	0.0
0.030303030303	0.575757575758	0.0606060606061	0.0	0.030303030303	0.0	0.0	0.0606060606061	0.0	0.0
0.0	0.0	1.0	0.0	0.0	0.0	0.0	0.0	0.0	0.0
0.0	1.0	0.0	0.0	0.0	0.0	0.0	0.0	0.0	0.0
0.666666666667	0.333333333333	0.0	0.0	0.0	0.0	0.0	0.0	0.0	0.0
0.0	0.333333333333	0.0	0.0	0.0	0.333333333333	0.0	0.333333333333	0.0	0.0
0.666666666667	0.0	0.0	0.0	0.0	0.0	0.0	0.0	0.0	0.0
1.0	0.0	0.0	0.0	0.0	0.0	0.0	0.0	0.0	0.0
0.571428571429	0.357142857143	0.047619047619	0.0	0.119047619048	0.0	0.0	0.0	0.0	0.0
1.0	0.0	0.0	0.0	0.0	0.0	0.0	0.0	0.0	0.0
0.0	1.0	0.0	0.0	0.0	0.0	0.0	0.0	0.0	0.0
0.571428571429	0.428571428571	0.0	0.0	0.0	0.0	0.0	0.0	0.0	0.0
0.0	0.0	0.0	0.0	0.0	0.0	0.0	1.0	0.0	0.0
0.0	1.0	0.0	0.0	0.0	0.0	0.0	0.0	0.0	0.0
0.0	1.0	0.0	0.0	0.0	0.0	0.0	0.0	0.0	0.0
0.260869565217	0.54347826087	0.0869565217391	0.0	0.0	0.0	0.0	0.0	0.0	0.0869565217391
0.0	1.0	0.0	0.0	0.0	0.0	0.0	0.0	0.0	0.0
0.68	0.32	0.0	0.0	0.12	0.0	0.0	0.0	0.0	0.0
0.0	1.0	0.0	0.0	0.0	0.0	0.0	0.0	0.0	0.0
0.142857142857	0.642857142857	0.0	0.0	0.0714285714286	0.0	0.0	0.142857142857	0.0	0.0
0.0	0.0	0.0	0.0	0.0	0.0	0.0	0.0	0.0	0.0
1.0	0.0	0.0	0.0	0.0	0.0	0.0	0.0	0.0	0.0
0.0	1.0	0.0	0.0	1.0	0.0	0.0	0.0	0.0	0.0
0.666666666667	0.333333333333	0.0	0.0	0.0	0.0	0.0	0.0	0.0	0.0
0.0	0.0	0.0	0.0	0.0	0.0	0.0	1.0	0.0	0.0
1.0	0.0	0.0	0.0	0.0	0.0	0.0	0.0	0.0	0.0
0.2	0.56	0.04	0.0	0.12	0.2	0.0	0.0	0.0	0.0
0.0	1.0	0.0	0.0	0.0	0.0	0.0	0.0	0.0	0.0
0.0	0.0	0.0	0.0	0.0	0.0	0.0	0.0	0.0	1.0
0.4	0.6	0.0	0.0	0.0	0.0	0.0	0.0	0.0	0.0
0.2	0.6	0.0	0.0	0.2	0.0	0.0	0.0	0.0	0.0
0.0	1.0	0.0	0.0	0.0	0.0	0.0	0.0	0.0	0.0
0.5	0.0	0.0	0.0	0.0	0.0	0.0	0.0	0.0	0.0
0.692307692308	0.230769230769	0.0769230769231	0.0	0.0769230769231	0.0	0.0	0.0	0.0	0.0
1.0	0.0	0.0	0.0	0.0	0.0	0.0	0.0	0.0	0.0
1.0	0.0	0.0	0.0	0.0	0.0	0.0	0.0	0.0	0.0
0.5	0.5	0.0	0.0	0.0	0.0	0.0	0.0	0.0	0.0
0.25	0.75	0.0	0.0	0.0	0.0	0.0	0.0	0.0	0.0
0.285714285714	0.214285714286	0.5	0.0	0.0714285714286	0.0	0.0	0.0	0.0	0.0
0.0	0.0	0.0	0.0	0.0	0.0	0.0	0.0	0.0	1.0
0.333333333333	0.666666666667	0.0	0.0	0.0	0.0	0.0	0.0	0.0	0.0
0.25	0.5	0.0	0.0	0.0	0.0	0.0	0.0	0.0	0.25
0.0	0.666666666667	0.0	0.0	0.0	0.0	0.333333333333	0.0	0.0	0.0
0.5	0.0	0.0	0.0	0.0	0.0	0.0	0.0	0.0	0.0
0.6	0.2	0.0	0.0	0.0	0.0	0.0	0.0	0.0	0.0
0.3125	0.541666666667	0.0	0.0208333333333	0.229166666667	0.0416666666667	0.0	0.0	0.0	0.0
0.4	0.6	0.0	0.0	0.0	0.0	0.0	0.0	0.0	0.0
0.75	0.25	0.0	0.0	0.0	0.0	0.0	0.0	0.0	0.0
0.0	0.0	1.0	0.0	0.0	0.0	0.0	0.0	0.0	0.0
0.0	1.0	0.0	0.0	0.0	0.0	0.0	0.0	0.0	0.0
0.2	0.8	0.0	0.0	0.4	0.0	0.0	0.0	0.0	0.0
0.0	1.0	0.0	0.0	1.0	0.0	0.0	0.0	0.0	0.0
0.378006872852	0.552119129439	0.00229095074456	0.0	0.049255441008	0.00114547537228	0.0	0.0160366552119	0.0	0.0389461626575
0.5	0.25	0.0	0.0	0.0	0.0	0.0	0.0	0.0	0.0833333333333
0.0	0.0	0.0	0.0	0.0	0.333333333333	0.0	0.666666666667	0.0	0.0
0.75	0.25	0.0	0.0	0.0	0.0	0.0	0.0	0.0	0.0
0.2	0.1	0.0	0.0	0.0	0.7	0.0	0.0	0.0	0.0
1.0	0.0	0.0	0.0	0.0	0.0	0.0	0.0	0.0	0.0
0.333333333333	0.666666666667	0.0	0.0	0.0	0.0	0.0	0.0	0.0	0.0
0.7	0.2	0.0	0.0	0.0	0.0	0.0	0.1	0.0	0.0
0.0	0.0	0.5	0.0	0.0	0.0	0.0	0.0	0.0	0.5
0.333333333333	0.333333333333	0.333333333333	0.0	0.0	0.0	0.0	0.0	0.0	0.0
0.0	0.222222222222	0.666666666667	0.0	0.0	0.0	0.0	0.0	0.0	0.111111111111
0.386194029851	0.557835820896	0.00279850746269	0.0	0.0205223880597	0.00652985074627	0.0	0.000932835820896	0.0	0.0167910447761
0.1875	0.78125	0.0	0.0	0.0	0.03125	0.0	0.0	0.0	0.0
0.0	0.0	0.0	0.0	0.0	0.0	0.0	0.0	0.0	0.0
0.5	0.5	0.0	0.0	0.0	0.0	0.0	0.0	0.0	0.0
0.25	0.75	0.0	0.0	0.0	0.0	0.0	0.0	0.0	0.0
0.0	1.0	0.0	0.0	0.0	0.0	0.0	0.0	0.0	0.0
0.666666666667	0.0	0.0	0.0	0.0	0.333333333333	0.0	0.0	0.0	0.0
0.0	0.0	1.0	0.0	0.0	0.0	0.0	0.0	0.0	0.0
0.0	1.0	0.0	0.0	0.0	0.0	0.0	0.0	0.0	0.0
0.5	0.5	0.0	0.0	0.0	0.0	0.0	0.0	0.0	0.0
0.22	0.76	0.0	0.0	0.02	0.0	0.0	0.0	0.0	0.0
0.4375	0.5625	0.0	0.0	0.125	0.0	0.0	0.0	0.0	0.0
0.265957446809	0.712765957447	0.0	0.0	0.31914893617	0.0	0.0	0.0	0.0	0.0106382978723
0.333333333333	0.5	0.0	0.0	0.0	0.0	0.0	0.0	0.0	0.166666666667
0.405405405405	0.405405405405	0.027027027027	0.0	0.0	0.0	0.0	0.0	0.0	0.027027027027
0.227272727273	0.5	0.0	0.0	0.318181818182	0.181818181818	0.0	0.0	0.0	0.0
0.602931379081	0.242504996669	0.0	0.0	0.0966022651566	0.072618254497	0.0	0.00999333777482	0.0159893404397	0.0
0.294117647059	0.294117647059	0.0	0.0	0.0	0.176470588235	0.0	0.0588235294118	0.0	0.0
1.0	0.0	0.0	0.0	0.0	0.0	0.0	0.0	0.0	0.0
0.307692307692	0.307692307692	0.0769230769231	0.0	0.0769230769231	0.230769230769	0.0	0.0	0.0	0.0769230769231
0.640625	0.296875	0.0	0.0	0.03125	0.0	0.0	0.0	0.0	0.0
1.0	0.0	0.0	0.0	0.0	0.0	0.0	0.0	0.0	0.0
1.0	0.0	0.0	0.0	0.0	0.0	0.0	0.0	0.0	0.0
0.1	0.3	0.0	0.0	0.1	0.1	0.0	0.0	0.0	0.0
0.0	0.0	0.0	0.0	0.0	0.0	0.0	1.0	0.0	0.0
0.5	0.5	0.0	0.0	0.5	0.0	0.0	0.0	0.0	0.0
0.111111111111	0.666666666667	0.0	0.0	0.0	0.0	0.0	0.0	0.0	0.0
0.333333333333	0.444444444444	0.0	0.0	0.0	0.0	0.0	0.0	0.0	0.0
0.589743589744	0.25641025641	0.0	0.0	0.0	0.0769230769231	0.0	0.0512820512821	0.0	0.0
0.0	0.666666666667	0.0	0.0	0.333333333333	0.0	0.0	0.0	0.0	0.0
0.0909090909091	0.909090909091	0.0	0.0	0.181818181818	0.0	0.0	0.0	0.0	0.0
0.666666666667	0.333333333333	0.0	0.0	0.0	0.0	0.0	0.0	0.0	0.0
0.545454545455	0.363636363636	0.0	0.0	0.0	0.0	0.0	0.0	0.0	0.0
0.210526315789	0.526315789474	0.157894736842	0.0	0.0	0.0	0.0	0.0	0.0	0.0526315789474
0.0	1.0	0.0	0.0	0.0	0.0	0.0	0.0	0.0	0.0
0.0	0.666666666667	0.0	0.0	0.0	0.0	0.0	0.0	0.0	0.0
0.5	0.333333333333	0.0	0.0	0.0	0.0	0.0	0.0	0.0	0.0
0.333333333333	0.666666666667	0.0	0.0	0.0	0.0	0.0	0.0	0.0	0.0
0.5	0.5	0.0	0.0	0.0	0.0	0.0	0.0	0.0	0.0
0.25	0.75	0.0	0.0	0.0	0.0	0.0	0.0	0.0	0.0
0.666666666667	0.333333333333	0.0	0.0	0.0	0.0	0.0	0.0	0.0	0.0
0.0	0.5	0.0	0.0	0.0	0.0	0.0	0.5	0.0	0.0
0.259259259259	0.518518518519	0.0	0.0	0.111111111111	0.0	0.0	0.0	0.0	0.166666666667
0.297491039427	0.609318996416	0.00627240143369	0.0	0.0206093189964	0.00089605734767	0.0	0.00179211469534	0.0	0.0627240143369
0.666666666667	0.333333333333	0.0	0.0	0.0	0.0	0.0	0.0	0.0	0.0
0.5	0.0	0.0	0.0	0.0	0.0	0.0	0.5	0.0	0.0
0.5	0.5	0.0	0.0	0.0	0.0	0.0	0.0	0.0	0.0
0.0	0.5	0.0	0.0	0.0	0.0	0.0	0.0	0.5	0.0
0.285714285714	0.571428571429	0.0	0.0	0.142857142857	0.142857142857	0.0	0.0	0.0	0.0
0.1	0.8	0.1	0.0	0.2	0.0	0.0	0.0	0.0	0.0
0.0	1.0	0.0	0.0	0.0	0.0	0.0	0.0	0.0	0.0
0.153846153846	0.730769230769	0.0	0.0769230769231	0.153846153846	0.0	0.0	0.0	0.0	0.0384615384615
0.427040395713	0.375103050289	0.00247320692498	0.0939818631492	0.0206100577082	0.0305028854081	0.00989282769992	0.00906842539159	0.0	0.0370981038747
0.333333333333	0.333333333333	0.0	0.0	0.0	0.0	0.0	0.0	0.0	0.0
0.0	0.0	0.0	0.0	0.0	0.0	0.0	0.0	0.0	0.0
0.0	0.0	0.0	0.0	0.0	1.0	0.0	0.0	0.0	0.0
0.5	0.5	0.0	0.0	0.0	0.0	0.0	0.0	0.0	0.0
0.0	1.0	0.0	0.0	0.0	0.0	0.0	0.0	0.0	0.0
0.5	0.0	0.0	0.0	0.0	0.0	0.0	0.0	0.0	0.0
0.5	0.5	0.0	0.0	0.0	0.0	0.0	0.0	0.0	0.0
0.0	0.666666666667	0.0	0.0	0.0	0.0	0.0	0.0	0.0	0.0
0.0	0.333333333333	0.0	0.0	0.333333333333	0.333333333333	0.0	0.0	0.0	0.0
0.0	1.0	0.0	0.0	0.0	0.0	0.0	0.0	0.0	0.0
0.0	0.5	0.0	0.0	0.5	0.0	0.0	0.0	0.0	0.0
0.0	1.0	0.0	0.0	0.0	0.0	0.0	0.0	0.0	0.0
1.0	0.0	0.0	0.0	0.0	0.0	0.0	0.0	0.0	0.0
0.4	0.6	0.0	0.0	0.0	0.0	0.0	0.0	0.0	0.0
1.0	0.0	0.0	0.0	0.0	0.0	0.0	0.0	0.0	0.0
0.0	1.0	0.0	0.0	0.0	0.0	0.0	0.0	0.0	0.0
0.4	0.6	0.0	0.0	0.2	0.0	0.0	0.0	0.0	0.0
0.218934911243	0.579881656805	0.118343195266	0.0	0.0414201183432	0.0	0.0	0.0	0.0	0.0
0.5	0.5	0.0	0.0	0.0	0.0	0.0	0.0	0.0	0.0
0.666666666667	0.333333333333	0.0	0.0	0.0	0.0	0.0	0.0	0.0	0.0
0.0909090909091	0.727272727273	0.0	0.0	0.0	0.181818181818	0.0	0.0	0.0	0.0
0.2	0.4	0.0	0.0	0.0	0.2	0.0	0.0	0.0	0.0
0.136363636364	0.772727272727	0.0	0.0	0.181818181818	0.0	0.0	0.0	0.0	0.0454545454545
0.666666666667	0.0	0.0	0.0	0.0	0.333333333333	0.0	0.0	0.0	0.0
0.0	0.0	0.0	0.0	0.0	1.0	0.0	0.0	0.0	0.0
0.25	0.375	0.0	0.0	0.0	0.0	0.0	0.0	0.0	0.0
0.0	0.0	0.0	0.0	0.0	0.0	0.0	1.0	0.0	0.0
0.25	0.25	0.0	0.0	0.0	0.0	0.0	0.0	0.0	0.0
0.5	0.5	0.0	0.0	0.0	0.0	0.0	0.0	0.0	0.0
0.666666666667	0.333333333333	0.0	0.0	0.333333333333	0.0	0.0	0.0	0.0	0.0
0.555555555556	0.444444444444	0.0	0.0	0.0	0.0	0.0	0.0	0.0	0.0
1.0	0.0	0.0	0.0	0.0	0.0	0.0	0.0	0.0	0.0
0.75	0.0	0.25	0.0	0.0	0.0	0.0	0.0	0.0	0.0
0.0	1.0	0.0	0.0	0.0	0.0	0.0	0.0	0.0	0.0
0.5	0.15	0.0	0.0	0.0	0.0	0.0	0.0	0.0	0.05
0.0	0.666666666667	0.0	0.0	0.0	0.0	0.0	0.0	0.0	0.0
0.5	0.0	0.0	0.0	0.0	0.0	0.0	0.0	0.0	0.5
0.0	0.5	0.0	0.0	0.0	0.0	0.0	0.0	0.5	0.0
0.2	0.733333333333	0.0	0.0	0.0666666666667	0.0	0.0	0.0	0.0	0.0666666666667
0.333333333333	0.666666666667	0.0	0.0	0.0	0.0	0.0	0.0	0.0	0.0
0.5	0.5	0.0	0.0	0.25	0.0	0.0	0.0	0.0	0.0
0.0242424242424	0.0363636363636	0.00606060606061	0.0	0.0	0.0121212121212	0.0	0.612121212121	0.224242424242	0.0121212121212
0.452054794521	0.342465753425	0.0	0.0	0.013698630137	0.013698630137	0.0	0.0	0.013698630137	0.0
0.554524361949	0.329466357309	0.0293890177881	0.0	0.00850734725445	0.0015467904099	0.0	0.00696055684455	0.0	0.0100541376643
0.515151515152	0.306060606061	0.0030303030303	0.0	0.0030303030303	0.0030303030303	0.0	0.109090909091	0.0	0.0272727272727
0.567567567568	0.345661450925	0.0	0.0	0.00711237553343	0.0	0.0	0.0	0.0	0.022759601707
0.635670731707	0.227134146341	0.0	0.0	0.00609756097561	0.0	0.0	0.0914634146341	0.0	0.0381097560976
0.631304347826	0.248695652174	0.00521739130435	0.0	0.00521739130435	0.0	0.0	0.0	0.0	0.0260869565217
0.3733451015	0.496028243601	0.00617828773169	0.0	0.0017652250662	0.0	0.0	0.0105913503972	0.0	0.0229479258605
0.0172413793103	0.0747126436782	0.0459770114943	0.0	0.00574712643678	0.0	0.0	0.833333333333	0.0	0.0172413793103
0.129032258065	0.0322580645161	0.0645161290323	0.0	0.0	0.0	0.0	0.548387096774	0.0	0.0
0.521058965102	0.41155234657	0.0120336943442	0.0	0.0072202166065	0.0	0.0	0.0	0.00120336943442	0.0072202166065
0.490364025696	0.436830835118	0.0	0.0	0.0214132762313	0.0	0.0	0.00428265524625	0.0	0.0663811563169
0.420537897311	0.330073349633	0.00733496332518	0.0	0.041564792176	0.00977995110024	0.0	0.114914425428	0.00488997555012	0.0122249388753
0.368852459016	0.520491803279	0.00204918032787	0.0	0.0122950819672	0.0	0.0	0.00204918032787	0.00204918032787	0.0553278688525
0.406504065041	0.365853658537	0.0	0.0894308943089	0.0162601626016	0.0	0.0	0.0	0.0243902439024	0.00813008130081
0.464705882353	0.0117647058824	0.0	0.0	0.0	0.0705882352941	0.0117647058824	0.0411764705882	0.294117647059	0.00588235294118
0.585897435897	0.274358974359	0.0	0.0	0.0179487179487	0.0192307692308	0.0102564102564	0.00128205128205	0.00769230769231	0.0615384615385
0.333773087071	0.150395778364	0.0	0.0	0.00527704485488	0.250659630607	0.0	0.18073878628	0.00131926121372	0.0277044854881
0.677685950413	0.256198347107	0.0	0.0	0.0599173553719	0.00619834710744	0.0	0.0	0.00619834710744	0.00619834710744
0.636363636364	0.359307359307	0.0	0.0	0.017316017316	0.0	0.0	0.0	0.0	0.0
0.745891276865	0.19216182048	0.00379266750948	0.0	0.00505689001264	0.00126422250316	0.0	0.0	0.0	0.00505689001264
0.48401826484	0.310502283105	0.00913242009132	0.0	0.0867579908676	0.00913242009132	0.0	0.0182648401826	0.00913242009132	0.0502283105023
0.791479820628	0.136771300448	0.0	0.0	0.0	0.0	0.0	0.0112107623318	0.0	0.00448430493274
0.394886363636	0.363636363636	0.0	0.0	0.0	0.00852272727273	0.00852272727273	0.0	0.0	0.0227272727273
0.617647058824	0.22850678733	0.0	0.0	0.0429864253394	0.00226244343891	0.0	0.0294117647059	0.00904977375566	0.00904977375566
0.558352402746	0.187643020595	0.0	0.0	0.0846681922197	0.12585812357	0.0	0.0091533180778	0.0045766590389	0.0205949656751
0.559677419355	0.167741935484	0.00322580645161	0.0	0.0870967741935	0.117741935484	0.0	0.00806451612903	0.0129032258065	0.0225806451613
0.579439252336	0.31308411215	0.0	0.0	0.0233644859813	0.0	0.0	0.0	0.0	0.00934579439252
0.677358490566	0.252830188679	0.011320754717	0.0	0.0	0.0	0.0	0.0339622641509	0.0	0.0245283018868
0.59413202934	0.364303178484	0.0	0.0	0.00733496332518	0.0	0.0	0.00488997555012	0.0	0.0122249388753
0.682716049383	0.293827160494	0.00246913580247	0.0	0.127160493827	0.0	0.0	0.0	0.0	0.00493827160494
0.294896030246	0.283553875236	0.00567107750473	0.0	0.0207939508507	0.258979206049	0.00567107750473	0.0151228733459	0.0189035916824	0.0132325141777
0.639889196676	0.249307479224	0.0	0.0	0.0332409972299	0.0	0.0	0.00831024930748	0.0360110803324	0.00831024930748
0.00625	0.00625	0.00625	0.0	0.0	0.0	0.0	0.95625	0.0	0.0
0.475816993464	0.111111111111	0.0209150326797	0.0	0.0339869281046	0.192156862745	0.0	0.00915032679739	0.0	0.0183006535948
0.458083832335	0.479041916168	0.0	0.0	0.0359281437126	0.0	0.0	0.0389221556886	0.0	0.0179640718563
0.536057692308	0.295673076923	0.0	0.0	0.134615384615	0.0	0.0	0.0	0.0	0.00480769230769
0.791304347826	0.104347826087	0.0	0.0	0.0	0.0	0.0	0.0	0.0	0.0
0.781818181818	0.154545454545	0.0	0.0	0.00454545454545	0.0	0.0	0.0409090909091	0.0	0.0
0.639575971731	0.234982332155	0.00353356890459	0.0	0.0194346289753	0.0247349823322	0.0	0.0	0.0123674911661	0.0636042402827
0.230769230769	0.179487179487	0.0	0.0	0.0512820512821	0.102564102564	0.025641025641	0.410256410256	0.0	0.025641025641
0.645435244161	0.307855626327	0.00849256900212	0.0	0.00636942675159	0.0	0.0	0.0	0.0	0.0169851380042
0.0169491525424	0.45197740113	0.0225988700565	0.0	0.0	0.0	0.0	0.282485875706	0.0	0.220338983051
0.763085399449	0.179063360882	0.0	0.0	0.00275482093664	0.0	0.0	0.0	0.0137741046832	0.00826446280992
0.754180602007	0.153846153846	0.0	0.0	0.0100334448161	0.0	0.0	0.0	0.0451505016722	0.00501672240803
0.536866359447	0.36866359447	0.0	0.0	0.0115207373272	0.0	0.0	0.00460829493088	0.00230414746544	0.00460829493088
0.512380952381	0.146666666667	0.0	0.0	0.0114285714286	0.0647619047619	0.0	0.0361904761905	0.00190476190476	0.00380952380952
0.322330097087	0.456310679612	0.0878640776699	0.0	0.0514563106796	0.0	0.0	0.00145631067961	0.0	0.00728155339806
0.689075630252	0.0644257703081	0.00280112044818	0.0	0.00560224089636	0.00280112044818	0.0	0.165266106443	0.0	0.0280112044818
0.047619047619	0.174603174603	0.015873015873	0.0	0.015873015873	0.0	0.0	0.634920634921	0.0	0.0
0.651256281407	0.209045226131	0.00904522613065	0.0	0.0381909547739	0.00100502512563	0.0	0.00502512562814	0.0	0.0120603015075
0.819029850746	0.138059701493	0.00373134328358	0.0	0.0111940298507	0.0	0.0	0.00186567164179	0.0	0.00559701492537
0.678294573643	0.244186046512	0.00258397932817	0.0	0.0258397932817	0.0	0.0	0.00129198966408	0.00129198966408	0.0103359173127
0.607573149742	0.320137693632	0.0	0.0	0.0189328743546	0.0	0.0	0.0	0.0	0.00688468158348
0.705985915493	0.205985915493	0.0	0.0	0.0158450704225	0.0	0.0	0.0	0.0	0.012323943662
0.711111111111	0.137037037037	0.0	0.0	0.0037037037037	0.0	0.0	0.0296296296296	0.0	0.00740740740741
0.659528907923	0.269807280514	0.0	0.0	0.0256959314775	0.00214132762313	0.00214132762313	0.0	0.0	0.0235546038544
0.278571428571	0.05	0.0	0.0	0.0	0.0	0.0	0.667857142857	0.0	0.0
0.661855670103	0.282474226804	0.0	0.0	0.00412371134021	0.0	0.0	0.0	0.0	0.0164948453608
0.702040816327	0.222448979592	0.00408163265306	0.0	0.00408163265306	0.0285714285714	0.0	0.00408163265306	0.0244897959184	0.00612244897959
0.698060941828	0.157894736842	0.00138504155125	0.0	0.0277008310249	0.0	0.0	0.0283933518006	0.0117728531856	0.0117728531856
0.778231292517	0.0979591836735	0.00136054421769	0.0	0.0136054421769	0.0	0.0	0.0231292517007	0.0102040816327	0.0102040816327
0.61359223301	0.145631067961	0.0135922330097	0.0	0.00194174757282	0.0	0.0	0.00776699029126	0.00582524271845	0.0563106796117
0.656910569106	0.113821138211	0.00650406504065	0.0	0.0	0.0	0.0	0.00487804878049	0.00487804878049	0.0813008130081
0.582159624413	0.117370892019	0.0105633802817	0.0	0.0	0.0	0.0	0.00586854460094	0.00469483568075	0.104460093897
0.578696343402	0.155802861685	0.00635930047695	0.0	0.0	0.0	0.0	0.0	0.00158982511924	0.133545310016
0.603907637655	0.348134991119	0.00532859680284	0.0	0.0284191829485	0.0	0.0	0.0	0.0	0.00710479573712
0.42050209205	0.336820083682	0.138075313808	0.0	0.0	0.0	0.0	0.00836820083682	0.0	0.0857740585774
0.619047619048	0.152882205514	0.112781954887	0.0	0.0	0.00250626566416	0.0	0.015037593985	0.0	0.0927318295739
0.553875236295	0.249527410208	0.062381852552	0.0	0.00378071833648	0.00378071833648	0.0	0.0264650283554	0.00189035916824	0.0982986767486
0.42962962963	0.318518518519	0.0296296296296	0.0148148148148	0.0	0.0	0.0	0.0	0.00740740740741	0.125925925926
0.709090909091	0.251239669421	0.0	0.0	0.0495867768595	0.0	0.0	0.0	0.0	0.0132231404959
0.646176911544	0.269865067466	0.0	0.0	0.0314842578711	0.0	0.0	0.0	0.00449775112444	0.0119940029985
0.674285714286	0.154285714286	0.0	0.0	0.00571428571429	0.0	0.0	0.0	0.00571428571429	0.00571428571429
0.31455399061	0.424882629108	0.0	0.0	0.018779342723	0.00234741784038	0.00234741784038	0.0164319248826	0.0140845070423	0.0352112676056
0.436403508772	0.489035087719	0.0	0.0175438596491	0.199561403509	0.0	0.0	0.0175438596491	0.0	0.0241228070175
0.628640776699	0.252427184466	0.0169902912621	0.00242718446602	0.00728155339806	0.0	0.0	0.0	0.00728155339806	0.0242718446602
0.440336134454	0.49243697479	0.0	0.0	0.124369747899	0.0	0.0	0.0	0.00168067226891	0.00672268907563
0.591111111111	0.213333333333	0.0	0.0	0.00222222222222	0.0	0.0	0.0	0.0133333333333	0.00444444444444
0.580357142857	0.303571428571	0.0	0.0	0.0	0.0	0.0	0.0267857142857	0.0	0.0223214285714
0.172413793103	0.734482758621	0.0379310344828	0.0	0.00689655172414	0.00344827586207	0.0	0.0	0.0	0.051724137931
0.392996108949	0.299610894942	0.0	0.0	0.0	0.00194552529183	0.0	0.0	0.0	0.0301556420233
0.281150159744	0.492012779553	0.00319488817891	0.0	0.00958466453674	0.00319488817891	0.0	0.178913738019	0.0127795527157	0.0159744408946
0.470873786408	0.478155339806	0.0	0.0	0.00970873786408	0.0	0.0	0.0	0.0	0.0291262135922
0.559139784946	0.395161290323	0.0	0.00537634408602	0.00537634408602	0.0	0.0	0.0	0.00537634408602	0.0188172043011
0.473317865429	0.403712296984	0.0	0.0	0.0116009280742	0.00232018561485	0.0	0.0371229698376	0.0	0.0092807424594
0.288321167883	0.0656934306569	0.0036496350365	0.0	0.0547445255474	0.434306569343	0.0	0.0182481751825	0.014598540146	0.0036496350365
0.361050328228	0.505470459519	0.00656455142232	0.0	0.0109409190372	0.00875273522976	0.0	0.0	0.0	0.0590809628009
0.529331514325	0.395634379263	0.0	0.0	0.162346521146	0.00136425648022	0.0	0.0	0.00136425648022	0.0150068212824
0.639520958084	0.173652694611	0.00838323353293	0.0	0.0203592814371	0.00119760479042	0.0	0.00239520958084	0.0155688622754	0.0263473053892
0.68044077135	0.0633608815427	0.0110192837466	0.0	0.0220385674931	0.0	0.0	0.101928374656	0.00275482093664	0.123966942149
0.624615384615	0.298461538462	0.0	0.0	0.00923076923077	0.00615384615385	0.0	0.0	0.0	0.00923076923077
0.647058823529	0.282352941176	0.0	0.0	0.0	0.0	0.0	0.0078431372549	0.0156862745098	0.0313725490196
0.343137254902	0.532679738562	0.016339869281	0.0	0.0326797385621	0.016339869281	0.0	0.0228758169935	0.0	0.00980392156863
0.398835516739	0.387190684134	0.00727802037846	0.0	0.018922852984	0.00436681222707	0.0	0.00145560407569	0.0	0.0174672489083
0.385761589404	0.420529801325	0.00662251655629	0.00165562913907	0.00993377483444	0.0	0.0	0.0695364238411	0.0	0.0215231788079
0.462962962963	0.333333333333	0.0	0.0	0.0246913580247	0.0	0.0	0.0185185185185	0.0	0.00617283950617
0.388625592417	0.436018957346	0.0	0.0	0.00947867298578	0.0	0.0	0.00473933649289	0.0	0.00473933649289
0.84375	0.03125	0.0	0.0	0.0	0.0	0.0	0.0	0.0	0.09375
0.315245478036	0.077519379845	0.0	0.0	0.015503875969	0.0	0.0	0.555555555556	0.0	0.0439276485788
0.15	0.108333333333	0.0	0.0	0.00833333333333	0.0	0.0	0.733333333333	0.0	0.0
0.362416107383	0.348993288591	0.0	0.0	0.0234899328859	0.0	0.0	0.187919463087	0.0	0.0234899328859
0.660130718954	0.235294117647	0.0	0.0	0.00326797385621	0.0	0.0	0.0294117647059	0.00653594771242	0.0130718954248
0.491189427313	0.372246696035	0.0	0.0	0.00660792951542	0.0	0.0	0.0176211453744	0.00881057268722	0.0132158590308
0.0693069306931	0.267326732673	0.029702970297	0.0	0.0	0.019801980198	0.0	0.356435643564	0.188118811881	0.049504950495
0.417040358744	0.215246636771	0.103139013453	0.0	0.00896860986547	0.0179372197309	0.0	0.224215246637	0.0	0.0
0.552727272727	0.36	0.0109090909091	0.0	0.0181818181818	0.0	0.0	0.0218181818182	0.0	0.0436363636364
0.624183006536	0.212418300654	0.0392156862745	0.0	0.0228758169935	0.0	0.0	0.016339869281	0.00326797385621	0.0261437908497
0.386056971514	0.452773613193	0.0337331334333	0.00749625187406	0.0344827586207	0.000749625187406	0.0	0.00449775112444	0.00524737631184	0.0172413793103
0.357388316151	0.625429553265	0.0	0.0	0.0137457044674	0.0	0.0	0.0	0.0	0.0137457044674
0.41	0.12	0.0	0.0	0.0125	0.29	0.0125	0.0	0.0125	0.0025
0.335779816514	0.603669724771	0.0110091743119	0.0	0.0165137614679	0.00183486238532	0.0	0.0	0.0	0.00733944954128
0.36345646438	0.467678100264	0.0151715039578	0.00197889182058	0.0138522427441	0.00263852242744	0.0	0.0	0.00065963060686	0.0217678100264
0.268096514745	0.597855227882	0.00268096514745	0.0	0.0134048257373	0.00268096514745	0.0	0.0	0.0	0.0348525469169
0.244258872651	0.716075156576	0.0146137787056	0.0	0.0396659707724	0.0	0.0	0.00417536534447	0.0	0.0104384133612
0.528301886792	0.261006289308	0.0	0.0	0.0251572327044	0.0157232704403	0.0	0.0157232704403	0.00314465408805	0.0345911949686
0.697014925373	0.217910447761	0.00298507462687	0.0	0.00597014925373	0.0044776119403	0.0	0.0164179104478	0.0044776119403	0.0507462686567
0.19298245614	0.508771929825	0.0	0.0	0.0	0.0	0.0	0.0	0.0	0.0175438596491
0.60113960114	0.11396011396	0.0	0.0	0.00854700854701	0.002849002849	0.014245014245	0.0569800569801	0.0655270655271	0.031339031339
0.374396135266	0.427536231884	0.0024154589372	0.0	0.048309178744	0.0289855072464	0.0	0.0048309178744	0.012077294686	0.0507246376812
0.407202216066	0.432132963989	0.0	0.0	0.0360110803324	0.01108033241	0.00277008310249	0.00554016620499	0.00277008310249	0.0443213296399
0.5601404741	0.268656716418	0.0	0.0	0.0131694468832	0.0017559262511	0.0	0.0	0.0	0.0114135206321
0.501577287066	0.429022082019	0.00630914826498	0.0	0.01261829653	0.0	0.0	0.00630914826498	0.0	0.0283911671924
0.664912280702	0.173684210526	0.00350877192982	0.00175438596491	0.00701754385965	0.00175438596491	0.0	0.0473684210526	0.0	0.019298245614
0.731927710843	0.156626506024	0.00602409638554	0.0	0.0451807228916	0.039156626506	0.0	0.0180722891566	0.0	0.0361445783133
0.047619047619	0.0	0.0	0.0	0.0	0.0	0.0	0.809523809524	0.0	0.0
0.367346938776	0.443609022556	0.00966702470462	0.0	0.016111707841	0.0	0.0	0.00429645542427	0.0	0.00644468313641
0.53	0.41	0.02	0.0	0.05	0.0	0.0	0.01	0.0	0.0
0.617224880383	0.275119617225	0.0	0.0	0.00239234449761	0.0	0.0	0.00239234449761	0.0287081339713	0.0645933014354
0.464285714286	0.428571428571	0.0	0.0	0.0	0.0	0.0	0.0	0.0	0.0
0.521739130435	0.289855072464	0.0	0.0	0.0108695652174	0.0	0.0	0.11231884058	0.0036231884058	0.0108695652174
0.43661971831	0.428169014085	0.00140845070423	0.0	0.0676056338028	0.00140845070423	0.0	0.00704225352113	0.0	0.0281690140845
0.48	0.44	0.0	0.0	0.04	0.0	0.0	0.01	0.0	0.01
0.555658627087	0.308905380334	0.000927643784787	0.0	0.0992578849722	0.0	0.0	0.012987012987	0.0	0.0482374768089
0.48097412481	0.468797564688	0.0	0.0	0.2100456621	0.00456621004566	0.0	0.0	0.0	0.0167427701674
0.569948186528	0.341968911917	0.0	0.0	0.0466321243523	0.0259067357513	0.0	0.00259067357513	0.0	0.00518134715026
0.0396341463415	0.0	0.0	0.0	0.0	0.0	0.0	0.560975609756	0.0	0.0030487804878
0.194706994329	0.570888468809	0.0264650283554	0.0	0.0189035916824	0.00189035916824	0.0	0.00189035916824	0.0	0.0264650283554
0.0111940298507	0.0261194029851	0.0	0.0	0.00373134328358	0.0	0.0	0.694029850746	0.0	0.00373134328358
0.564417177914	0.0153374233129	0.0	0.0	0.0153374233129	0.0889570552147	0.00920245398773	0.276073619632	0.0429447852761	0.0
0.0288461538462	0.0192307692308	0.0	0.0	0.0	0.0	0.0	0.932692307692	0.00961538461538	0.0
0.665217391304	0.182608695652	0.0	0.0	0.0	0.00217391304348	0.00217391304348	0.0	0.0	0.0869565217391
0.00383141762452	0.865900383142	0.0	0.0	0.0268199233716	0.0	0.0	0.0498084291188	0.0191570881226	0.0268199233716
0.464122137405	0.491603053435	0.00458015267176	0.0	0.0137404580153	0.0	0.0	0.0	0.0	0.00610687022901
0.639386189258	0.245524296675	0.0	0.0	0.0179028132992	0.0	0.0	0.0537084398977	0.0	0.0434782608696
0.353870458136	0.497630331754	0.0142180094787	0.0	0.0774091627172	0.0	0.0	0.0	0.0	0.00947867298578
0.564032697548	0.307901907357	0.0	0.0	0.00817438692098	0.0108991825613	0.0	0.0435967302452	0.0	0.0735694822888
0.539752650177	0.387809187279	0.0	0.000883392226148	0.0538869257951	0.0	0.0	0.0	0.0	0.0424028268551
0.67461669506	0.269165247019	0.0	0.00340715502555	0.0136286201022	0.0	0.0	0.0	0.0	0.0170357751278
0.835260115607	0.130057803468	0.0	0.0	0.0	0.0	0.0	0.028901734104	0.0	0.0028901734104
0.452012383901	0.467492260062	0.0350877192982	0.0	0.0165118679051	0.0	0.0	0.00103199174407	0.0	0.0061919504644
0.676855895197	0.242358078603	0.00218340611354	0.0	0.0152838427948	0.0	0.0	0.0	0.0	0.0218340611354
0.570247933884	0.310507674144	0.0	0.0	0.0247933884298	0.0	0.0	0.0	0.0	0.0165289256198
0.196296296296	0.677777777778	0.00740740740741	0.0	0.0259259259259	0.0592592592593	0.0	0.0	0.0	0.0444444444444
0.324817518248	0.633211678832	0.00182481751825	0.0	0.0200729927007	0.0	0.0	0.00182481751825	0.0	0.00912408759124
0.375271149675	0.570498915401	0.00650759219089	0.0	0.0260303687636	0.0	0.0	0.0	0.0	0.0216919739696
0.612426035503	0.144970414201	0.0	0.0	0.0	0.0	0.0	0.0473372781065	0.0	0.0502958579882
0.601398601399	0.351981351981	0.002331002331	0.0	0.041958041958	0.0	0.0	0.0	0.0	0.011655011655
0.478899082569	0.433027522936	0.00917431192661	0.0	0.0422018348624	0.00366972477064	0.0	0.0	0.0	0.0293577981651
0.540540540541	0.310810810811	0.0	0.0	0.0	0.0	0.0	0.0	0.0	0.0135135135135
0.44893111639	0.344418052257	0.0	0.0	0.00475059382423	0.00237529691211	0.0	0.0	0.0	0.00237529691211
0.262872628726	0.445799457995	0.0813008130081	0.00135501355014	0.0189701897019	0.00948509485095	0.0	0.0	0.0	0.059620596206
0.63125	0.03125	0.003125	0.0	0.0125	0.2125	0.0	0.003125	0.059375	0.009375
0.616935483871	0.0584677419355	0.00201612903226	0.0	0.0463709677419	0.26814516129	0.00403225806452	0.0181451612903	0.0161290322581	0.00201612903226
0.69109947644	0.0680628272251	0.0	0.0	0.0	0.0	0.0	0.0785340314136	0.130890052356	0.0157068062827
0.899408284024	0.0355029585799	0.0	0.0	0.0	0.00295857988166	0.0	0.0443786982249	0.00887573964497	0.00591715976331
0.702702702703	0.157657657658	0.027027027027	0.00900900900901	0.0045045045045	0.0	0.0	0.0202702702703	0.0	0.0810810810811
0.324041811847	0.337979094077	0.0	0.0	0.0209059233449	0.00696864111498	0.0	0.212543554007	0.0975609756098	0.01393728223
0.00578034682081	0.0404624277457	0.0	0.0	0.0173410404624	0.0173410404624	0.0	0.728323699422	0.208092485549	0.0
0.537037037037	0.421296296296	0.00231481481481	0.0	0.00925925925926	0.0	0.0	0.0	0.0	0.0393518518519
0.429268292683	0.367479674797	0.0	0.0	0.118699186992	0.00162601626016	0.0	0.0	0.0	0.00487804878049
0.644160583942	0.297445255474	0.0	0.0	0.0164233576642	0.0	0.0	0.0	0.0	0.0310218978102
0.493320610687	0.343511450382	0.0	0.0	0.0209923664122	0.0696564885496	0.0	0.0572519083969	0.0190839694656	0.0104961832061
0.504504504505	0.321321321321	0.0	0.0	0.0510510510511	0.015015015015	0.0	0.018018018018	0.0	0.0900900900901
0.376599634369	0.404021937843	0.0036563071298	0.0	0.0493601462523	0.0127970749543	0.0	0.0292504570384	0.0	0.115173674589
0.716723549488	0.194539249147	0.0	0.0	0.0204778156997	0.0511945392491	0.0	0.0307167235495	0.0	0.00341296928328
0.310267857143	0.399553571429	0.00446428571429	0.0	0.0669642857143	0.0223214285714	0.0	0.0223214285714	0.0	0.142857142857
0.19393042191	0.585492227979	0.00296076980015	0.0	0.0155440414508	0.0673575129534	0.0	0.0133234641007	0.00222057735011	0.125092524056
0.453551912568	0.487704918033	0.00409836065574	0.00819672131148	0.00546448087432	0.0	0.0	0.00409836065574	0.00546448087432	0.0218579234973
0.051724137931	0.0862068965517	0.0	0.0	0.0172413793103	0.0	0.0	0.75	0.103448275862	0.0
0.527687296417	0.394136807818	0.0043431053203	0.00651465798046	0.0130293159609	0.0	0.0	0.0108577633008	0.0195439739414	0.0162866449511
0.732673267327	0.0	0.0	0.0	0.0	0.019801980198	0.0	0.128712871287	0.118811881188	0.0
0.668154761905	0.181547619048	0.00446428571429	0.0	0.0	0.0	0.0	0.0104166666667	0.0	0.0505952380952
0.00363636363636	0.769090909091	0.00181818181818	0.0	0.00909090909091	0.0254545454545	0.0	0.0672727272727	0.0	0.129090909091
0.607201309329	0.245499181669	0.00327332242226	0.0	0.0	0.00163666121113	0.0	0.0	0.00163666121113	0.0360065466448
0.5703125	0.270833333333	0.0	0.0	0.00260416666667	0.0130208333333	0.0	0.0625	0.0520833333333	0.0234375
0.659974905897	0.281053952321	0.00752823086575	0.0	0.00627352572146	0.0	0.0	0.0	0.0	0.00376411543287
0.472627737226	0.198905109489	0.0	0.0	0.0857664233577	0.266423357664	0.0	0.021897810219	0.00729927007299	0.0127737226277
0.570809248555	0.208092485549	0.0	0.0	0.0910404624277	0.164739884393	0.0	0.0231213872832	0.0014450867052	0.0028901734104
0.636150234742	0.31455399061	0.00234741784038	0.0	0.0	0.0	0.0	0.00704225352113	0.0	0.00704225352113
0.454219030521	0.402154398564	0.016157989228	0.0	0.0430879712747	0.00538599640934	0.0	0.0	0.0	0.0915619389587
0.387892376682	0.280269058296	0.00896860986547	0.0	0.0560538116592	0.235426008969	0.0	0.0269058295964	0.00448430493274	0.0134529147982
0.340163934426	0.565573770492	0.0	0.0	0.00614754098361	0.0	0.0	0.0	0.0	0.094262295082
0.00940438871473	0.253918495298	0.0	0.0	0.210031347962	0.00626959247649	0.0	0.12539184953	0.0	0.00626959247649
0.5	0.430348258706	0.00995024875622	0.0	0.0	0.00248756218905	0.0	0.00248756218905	0.0	0.00746268656716
0.598173515982	0.344748858447	0.00684931506849	0.0	0.0	0.0	0.0	0.00228310502283	0.00228310502283	0.00684931506849
0.710909090909	0.205454545455	0.00363636363636	0.0	0.0345454545455	0.00181818181818	0.0	0.0	0.0	0.00363636363636
0.27373823781	0.242087254063	0.000855431993157	0.0	0.00855431993157	0.0504704875962	0.0128314798973	0.000855431993157	0.0419161676647	0.0735671514115
0.379545454545	0.411363636364	0.00227272727273	0.0	0.0136363636364	0.00681818181818	0.00227272727273	0.0	0.0159090909091	0.0318181818182
0.646464646465	0.26936026936	0.0	0.0	0.013468013468	0.003367003367	0.003367003367	0.0	0.016835016835	0.040404040404
0.722222222222	0.233333333333	0.00555555555556	0.0	0.0	0.0333333333333	0.0	0.0	0.0	0.0
0.80193236715	0.13768115942	0.0	0.0	0.0	0.0048309178744	0.0	0.0	0.0	0.00966183574879
0.87675070028	0.0840336134454	0.0	0.0	0.0	0.0	0.0	0.0	0.0	0.00560224089636
0.77033492823	0.198564593301	0.00239234449761	0.00239234449761	0.0	0.00239234449761	0.0	0.00717703349282	0.0	0.00956937799043
0.718832891247	0.177718832891	0.0	0.0	0.0026525198939	0.0053050397878	0.0	0.0026525198939	0.0	0.0212201591512
0.25	0.604166666667	0.0	0.0	0.0	0.0	0.0	0.0416666666667	0.0625	0.0
0.32320441989	0.629834254144	0.024861878453	0.0	0.0165745856354	0.00276243093923	0.0	0.00276243093923	0.0	0.0165745856354
0.703448275862	0.168965517241	0.0	0.0	0.048275862069	0.00689655172414	0.0	0.0	0.0	0.00689655172414
0.648312611012	0.303730017762	0.0	0.0	0.00177619893428	0.0	0.0	0.0	0.0177619893428	0.0088809946714
0.422535211268	0.46277665996	0.00402414486922	0.0	0.00804828973843	0.0140845070423	0.0	0.0	0.0	0.0945674044266
0.736231884058	0.234782608696	0.00869565217391	0.0	0.0115942028986	0.0	0.0	0.0	0.00289855072464	0.0144927536232
0.542608695652	0.43652173913	0.00347826086957	0.0	0.00869565217391	0.0	0.0	0.0	0.0	0.00521739130435
0.727436823105	0.175090252708	0.0	0.0	0.00361010830325	0.00180505415162	0.0	0.0	0.00180505415162	0.00541516245487
0.784989858012	0.135902636917	0.0	0.0	0.0	0.0121703853955	0.0	0.0223123732252	0.00405679513185	0.0202839756592
0.686131386861	0.284671532847	0.0	0.0	0.0	0.0	0.0	0.00729927007299	0.0	0.014598540146
0.615841584158	0.0534653465347	0.00594059405941	0.0	0.00990099009901	0.162376237624	0.0118811881188	0.0	0.0673267326733	0.0158415841584
0.368421052632	0.131578947368	0.0	0.0	0.0263157894737	0.0	0.0	0.368421052632	0.0526315789474	0.0
0.580188679245	0.330188679245	0.00471698113208	0.0	0.0141509433962	0.00235849056604	0.00471698113208	0.0	0.00235849056604	0.0683962264151
0.394849785408	0.274678111588	0.00429184549356	0.0	0.0815450643777	0.0171673819742	0.0	0.0515021459227	0.0987124463519	0.0
0.556962025316	0.164556962025	0.0126582278481	0.0	0.0253164556962	0.0	0.0	0.0253164556962	0.113924050633	0.0
0.546835443038	0.354430379747	0.0	0.0	0.0	0.00759493670886	0.0	0.053164556962	0.0	0.0354430379747
0.599423631124	0.28242074928	0.0	0.0	0.0	0.0	0.0	0.0806916426513	0.0	0.028818443804
0.376281112738	0.551976573939	0.0	0.0	0.01317715959	0.0	0.0	0.0	0.0	0.0161054172767
0.405864197531	0.493827160494	0.00154320987654	0.0	0.00617283950617	0.0	0.0	0.0	0.0	0.0138888888889
0.21935483871	0.322580645161	0.0	0.0	0.0129032258065	0.00645161290323	0.0	0.393548387097	0.0129032258065	0.0
0.191666666667	0.166666666667	0.0	0.0	0.025	0.0	0.0	0.608333333333	0.0	0.0
0.0196078431373	0.202111613876	0.00603318250377	0.0	0.025641025641	0.630467571644	0.0	0.0226244343891	0.00150829562594	0.0392156862745
0.0228471001757	0.277680140598	0.00527240773286	0.0	0.0333919156415	0.560632688928	0.00351493848858	0.0158172231986	0.0105448154657	0.0439367311072
0.660714285714	0.267857142857	0.0	0.0	0.0107142857143	0.0107142857143	0.0	0.0107142857143	0.0	0.0214285714286
0.137931034483	0.00574712643678	0.0	0.0	0.0	0.0919540229885	0.0	0.655172413793	0.0402298850575	0.0
0.55632183908	0.183908045977	0.0	0.0	0.0	0.00459770114943	0.0	0.0114942528736	0.0390804597701	0.0114942528736
0.455072463768	0.397101449275	0.00289855072464	0.0	0.0202898550725	0.00289855072464	0.0	0.0	0.0	0.0608695652174
0.184210526316	0.131578947368	0.0	0.0	0.0	0.0	0.0	0.578947368421	0.0	0.0263157894737
0.337535014006	0.392156862745	0.00840336134454	0.0	0.00700280112045	0.0	0.00140056022409	0.0	0.00140056022409	0.00700280112045
0.777950310559	0.0978260869565	0.00310559006211	0.0	0.00465838509317	0.0170807453416	0.0	0.00931677018634	0.00310559006211	0.0170807453416
0.307443365696	0.181229773463	0.0	0.0	0.0809061488673	0.375404530744	0.0161812297735	0.0129449838188	0.0453074433657	0.0194174757282
0.274509803922	0.160130718954	0.0	0.0	0.0424836601307	0.40522875817	0.0130718954248	0.0326797385621	0.0555555555556	0.0130718954248
0.550488599349	0.296416938111	0.0	0.0	0.00325732899023	0.0	0.0	0.00325732899023	0.00325732899023	0.0260586319218
0.530172413793	0.245689655172	0.0	0.0	0.0129310344828	0.0818965517241	0.0	0.0215517241379	0.0387931034483	0.00862068965517
0.176470588235	0.598039215686	0.0	0.0	0.0294117647059	0.0196078431373	0.0	0.0	0.078431372549	0.00980392156863
0.401408450704	0.37558685446	0.0211267605634	0.0	0.0093896713615	0.103286384977	0.0	0.0140845070423	0.00234741784038	0.00704225352113
0.383877159309	0.291746641075	0.00191938579655	0.0	0.021113243762	0.176583493282	0.0	0.00383877159309	0.0230326295585	0.00575815738964
0.474708171206	0.132295719844	0.0	0.0	0.0311284046693	0.295719844358	0.0	0.0389105058366	0.00389105058366	0.0
0.754385964912	0.093567251462	0.0	0.0	0.00877192982456	0.0321637426901	0.0	0.0146198830409	0.0	0.00292397660819
0.886666666667	0.0833333333333	0.00333333333333	0.0	0.0133333333333	0.00666666666667	0.0	0.01	0.0	0.00666666666667
0.429179978701	0.507987220447	0.0	0.0	0.0308839190628	0.0010649627263	0.0	0.0	0.0	0.00638977635783
0.712177121771	0.0738007380074	0.0	0.0	0.0147601476015	0.0369003690037	0.0	0.0405904059041	0.00738007380074	0.0110701107011
0.4	0.0324324324324	0.0	0.0	0.0	0.0	0.0	0.464864864865	0.0	0.0
0.494505494505	0.397435897436	0.00549450549451	0.0	0.00549450549451	0.0	0.0	0.0	0.0128205128205	0.0457875457875
0.0534351145038	0.0229007633588	0.0	0.0	0.00763358778626	0.0	0.106870229008	0.809160305344	0.0	0.0
0.0122699386503	0.00613496932515	0.0	0.0	0.00613496932515	0.0122699386503	0.153374233129	0.815950920245	0.0	0.0
0.463414634146	0.411585365854	0.0	0.0	0.0213414634146	0.0	0.0	0.0030487804878	0.0	0.015243902439
0.527027027027	0.332432432432	0.0	0.0	0.0297297297297	0.0	0.0	0.0	0.0	0.00540540540541
0.425531914894	0.106382978723	0.0	0.0	0.0340425531915	0.363829787234	0.0	0.0468085106383	0.0340425531915	0.00425531914894
0.439461883408	0.067264573991	0.0	0.0	0.0269058295964	0.22869955157	0.0493273542601	0.0	0.152466367713	0.0
0.663602941176	0.102941176471	0.00735294117647	0.0	0.0569852941176	0.0	0.00551470588235	0.0367647058824	0.00183823529412	0.00919117647059
0.0408163265306	0.0204081632653	0.0	0.0	0.0204081632653	0.0204081632653	0.0	0.69387755102	0.204081632653	0.0
0.00344827586207	0.0241379310345	0.0	0.0	0.00344827586207	0.00689655172414	0.00344827586207	0.0931034482759	0.158620689655	0.00344827586207
0.478873239437	0.429577464789	0.0140845070423	0.0	0.056338028169	0.0	0.0	0.00176056338028	0.0	0.012323943662
0.556263269639	0.354564755839	0.00636942675159	0.0	0.036093418259	0.0	0.0	0.0	0.0	0.0
0.586206896552	0.32667876588	0.00362976406534	0.0	0.00635208711434	0.0	0.0	0.0	0.000907441016334	0.0172413793103
0.0136570561457	0.400606980273	0.0136570561457	0.0	0.122913505311	0.320182094082	0.00303490136571	0.0227617602428	0.00455235204856	0.0257966616085
0.00176366843034	0.707231040564	0.031746031746	0.0	0.241622574956	0.00176366843034	0.00529100529101	0.206349206349	0.031746031746	0.0
0.0	0.533898305085	0.0423728813559	0.0	0.135593220339	0.0	0.0	0.368644067797	0.0254237288136	0.0
0.552380952381	0.253571428571	0.00119047619048	0.0	0.0047619047619	0.0785714285714	0.0	0.00952380952381	0.00833333333333	0.00952380952381
0.60612244898	0.259183673469	0.00204081632653	0.0	0.0122448979592	0.0	0.0	0.0102040816327	0.0	0.0183673469388
0.663390663391	0.240786240786	0.00737100737101	0.0	0.022113022113	0.002457002457	0.002457002457	0.0	0.004914004914	0.002457002457
0.181603773585	0.799528301887	0.00943396226415	0.0	0.061320754717	0.0	0.0	0.0	0.0	0.00471698113208
0.136186770428	0.836575875486	0.0136186770428	0.0	0.0311284046693	0.0	0.0	0.0	0.0	0.00389105058366
0.724137931034	0.051724137931	0.0	0.0	0.0114942528736	0.0948275862069	0.0	0.0804597701149	0.0	0.00287356321839
0.515580736544	0.436260623229	0.00849858356941	0.0	0.0113314447592	0.0	0.0	0.0	0.0	0.0254957507082
